0.000000 0.000000 1.000000 
0.000000 0.230728 0.769272 
0.000000 0.401934 0.598066 
0.000000 0.534439 0.465561 
0.000000 0.639920 0.360080 
0.000000 0.725734 0.274266 
0.000000 0.796946 0.203054 
0.000000 0.857300 0.142700 
0.000000 0.909726 0.090274 
0.000000 0.956622 0.043378 
0.230728 0.000000 0.769272 
0.230728 0.177493 0.591780 
0.230728 0.309197 0.460075 
0.230728 0.411129 0.358143 
0.230728 0.492273 0.276999 
0.230728 0.558287 0.210985 
0.230728 0.613068 0.156204 
0.230728 0.659497 0.109775 
0.230728 0.699827 0.069445 
0.230728 0.735902 0.033370 
0.401934 0.000000 0.598066 
0.401934 0.137991 0.460075 
0.401934 0.240383 0.357683 
0.401934 0.319630 0.278436 
0.401934 0.382714 0.215351 
0.401934 0.434037 0.164029 
0.401934 0.476626 0.121440 
0.401934 0.512722 0.085344 
0.401934 0.544076 0.053990 
0.401934 0.572123 0.025943 
0.534439 0.000000 0.465561 
0.534439 0.107418 0.358143 
0.534439 0.187125 0.278436 
0.534439 0.248814 0.216747 
0.534439 0.297922 0.167639 
0.534439 0.337873 0.127687 
0.534439 0.371027 0.094534 
0.534439 0.399125 0.066436 
0.534439 0.423533 0.042028 
0.534439 0.445365 0.020195 
0.639920 0.000000 0.360080 
0.639920 0.083080 0.276999 
0.639920 0.144728 0.215351 
0.639920 0.192441 0.167639 
0.639920 0.230422 0.129657 
0.639920 0.261322 0.098758 
0.639920 0.286964 0.073116 
0.639920 0.308696 0.051384 
0.639920 0.327574 0.032506 
0.639920 0.344460 0.015620 
0.725734 0.000000 0.274266 
0.725734 0.063281 0.210985 
0.725734 0.110237 0.164029 
0.725734 0.146578 0.127687 
0.725734 0.175508 0.098758 
0.725734 0.199044 0.075222 
0.725734 0.218575 0.055691 
0.725734 0.235128 0.039138 
0.725734 0.249507 0.024759 
0.725734 0.262369 0.011897 
0.796946 0.000000 0.203054 
0.796946 0.046850 0.156204 
0.796946 0.081614 0.121440 
0.796946 0.108520 0.094534 
0.796946 0.129938 0.073116 
0.796946 0.147363 0.055691 
0.796946 0.161823 0.041231 
0.796946 0.174078 0.028976 
0.796946 0.184724 0.018330 
0.796946 0.194246 0.008808 
0.857300 0.000000 0.142700 
0.857300 0.032925 0.109775 
0.857300 0.057356 0.085344 
0.857300 0.076265 0.066436 
0.857300 0.091317 0.051384 
0.857300 0.103563 0.039138 
0.857300 0.113725 0.028976 
0.857300 0.122337 0.020363 
0.857300 0.129818 0.012882 
0.857300 0.136510 0.006190 
0.909726 0.000000 0.090274 
0.909726 0.020829 0.069445 
0.909726 0.036284 0.053990 
0.909726 0.048246 0.042028 
0.909726 0.057768 0.032506 
0.909726 0.065515 0.024759 
0.909726 0.071943 0.018330 
0.909726 0.077392 0.012882 
0.909726 0.082124 0.008149 
0.909726 0.086358 0.003916 
0.956622 0.000000 0.043378 
0.956622 0.010009 0.033370 
0.956622 0.017435 0.025943 
0.956622 0.023183 0.020195 
0.956622 0.027759 0.015620 
0.956622 0.031481 0.011897 
0.956622 0.034570 0.008808 
0.956622 0.037188 0.006190 
0.956622 0.039462 0.003916 
0.956622 0.041497 0.001882 
1.000000 0.000000 0.000000 