-41.339715 -39.539061 -39.523936
-41.526684 -39.362793 -37.822909
-44.169015 -30.964579 -43.539139
-39.079776 -37.865369 -42.601206
-45.191061 -34.630181 -41.490235
-41.556546 -33.950581 -45.896761
-39.536137 -38.545664 -42.053041
-41.979585 -38.993026 -38.157003
-40.133426 -39.319283 -40.498727
-41.539425 -39.253464 -38.576466
-42.539412 -37.970521 -38.998897
-44.973253 -34.775079 -41.648433
-41.102558 -34.181095 -45.712041
-40.518667 -38.338387 -41.318669
-43.318372 -33.559187 -43.831603
-43.574656 -31.743255 -44.645736
-44.430923 -35.936878 -42.727926
-44.027309 -31.257860 -43.849380
-44.534117 -35.758831 -39.667829
-39.721299 -38.277725 -42.450648
-43.979484 -36.489957 -39.327975
-41.000995 -37.813817 -42.985063
-43.929065 -33.119102 -43.585537
-41.792616 -39.169294 -39.858030
-44.014863 -36.756293 -38.835555
-43.271998 -37.377381 -40.212045
-44.797259 -35.106855 -41.753556
-44.182451 -31.774653 -43.514547
-42.373387 -38.516352 -37.893682
-44.746028 -34.524649 -42.878626
-43.534622 -32.996738 -44.825189
-44.579451 -35.251753 -41.911754
-40.727118 -35.556558 -45.409079
-43.823108 -32.885081 -43.867586
-41.933703 -33.861147 -45.451527
-45.073467 -34.997794 -41.365084
-41.094485 -37.213941 -43.282250
-43.342619 -32.251116 -44.915064
-42.443707 -38.431021 -40.333619
-43.463436 -34.374533 -43.320353
-39.944951 -37.353281 -44.224125
-42.186418 -38.692620 -39.594709
-43.815472 -32.613237 -44.011590
-42.080439 -36.880662 -43.427298
-43.726483 -37.315568 -40.553361
-40.601621 -39.302882 -41.037875
-44.070866 -36.081334 -40.888731
-43.171613 -34.036857 -44.146240
-41.414980 -34.878927 -45.172958
-44.153303 -36.327091 -40.007578
-42.873309 -32.072171 -45.213304
-42.720015 -35.848028 -43.678549
-42.249439 -33.660004 -45.300196
-43.204737 -32.387298 -45.187803
-40.834748 -38.006631 -42.327228
-43.372385 -37.183606 -41.108774
-43.774191 -31.134258 -44.314741
-41.866095 -35.021001 -45.075442
-42.620333 -36.934018 -42.690651
-41.710933 -38.316307 -41.203890
-42.125148 -37.478969 -42.379081
-42.925366 -36.640502 -42.265348
-41.514694 -38.847704 -40.421851
-43.079451 -33.757847 -44.426931
-43.837337 -32.522118 -43.756456
-44.889413 -35.375233 -41.312996
-41.306559 -38.935821 -40.689318
-41.228470 -36.147637 -44.975722
-42.352443 -38.146789 -40.699924
-40.800742 -36.276335 -44.703394
-41.678552 -38.885047 -39.970048
-41.432462 -36.033881 -44.574381
-42.801531 -37.781426 -42.214492
-42.230753 -37.105929 -42.740109
-40.912811 -39.068039 -40.729586
-44.671605 -35.520131 -41.471194
-41.967894 -38.567258 -40.757586
-43.891639 -36.186144 -41.941048
-39.888618 -36.730053 -44.294893
-41.604718 -34.315595 -45.406992
-43.827090 -31.856992 -44.180416
-42.619838 -33.888689 -44.541211
-42.269443 -35.398583 -44.324504
-43.943958 -36.621408 -39.380434
-41.123181 -38.225515 -42.049214
-43.016751 -35.296217 -43.400385
-42.832625 -37.958748 -40.941508
-41.841838 -37.646538 -42.774735
-42.681645 -33.790304 -44.746915
-43.095720 -37.243083 -41.425882
-44.819590 -35.474726 -40.447971
-42.177434 -36.349593 -43.732704
-42.812738 -34.297188 -44.003473
-41.207207 -37.308277 -42.841030
-43.594731 -33.786741 -43.370019
-43.929527 -32.034211 -44.073472
-39.826094 -38.237955 -41.934066
-40.941347 -39.377820 -40.349842
-40.547144 -37.478050 -43.620881
-40.953652 -36.560539 -44.095018
-40.983304 -39.813685 -38.423832
-42.686565 -32.018436 -45.546136
-39.742099 -38.305528 -41.616710
-42.427951 -38.773564 -38.419409
-41.704004 -32.780188 -46.138974
-45.409714 -32.908391 -41.399837
-39.811091 -39.285301 -40.851203
-40.167830 -39.528691 -40.285107
-45.328895 -33.197305 -41.900425
-41.987126 -36.431993 -44.377114
-43.201399 -32.257874 -44.927671
-40.207077 -38.930099 -41.423789
-40.559160 -35.567511 -45.153724
-41.889902 -37.337119 -42.957892
-42.373223 -36.981744 -42.652696
-41.634194 -38.830103 -40.486979
-41.451716 -34.437113 -45.786722
-40.430797 -38.998887 -41.179281
-42.666579 -32.390842 -45.388279
-41.032203 -36.688000 -44.619781
-42.844448 -38.561936 -39.045583
-43.012199 -36.785221 -42.875581
-44.197166 -35.961911 -39.472341
-41.101570 -39.736045 -38.875101
-45.088378 -33.461071 -41.240688
-40.813893 -39.429628 -40.730844
-44.595798 -33.219503 -43.088887
-41.863843 -36.610129 -44.141589
-43.749656 -33.835204 -43.672057
-41.573237 -33.037006 -45.669487
-44.233089 -33.668288 -43.716128
-42.734784 -34.027693 -44.973811
-43.884142 -36.175812 -38.483384
-41.824909 -37.729540 -42.520903
-42.219059 -38.677242 -39.263902
-42.772115 -37.942240 -40.588422
-43.564886 -34.164439 -43.754003
-41.703549 -35.166378 -45.079052
-42.155845 -38.813208 -39.896598
-43.998137 -35.644631 -42.495005
-40.928944 -38.443247 -41.109185
-44.746176 -34.728403 -40.144654
-43.286982 -35.732293 -43.531409
-43.035461 -37.203231 -41.640570
-42.821714 -38.279465 -40.009829
-43.363057 -37.611823 -41.363766
-41.412394 -37.624953 -43.935774
-42.626640 -38.706834 -39.203781
-44.348987 -34.759468 -43.230213
-42.442879 -35.337000 -44.730643
-42.898231 -37.144574 -42.000650
-44.462983 -35.800194 -38.609869
-43.872823 -34.379994 -43.310447
-44.836134 -33.810851 -42.137721
-44.427585 -33.125328 -43.480141
-42.252809 -37.086133 -42.122964
-42.325318 -38.104341 -41.589985
-41.758717 -38.460682 -40.061934
-45.050231 -33.515805 -41.169992
-43.710517 -32.485197 -44.287072
-43.464398 -36.924730 -41.746181
-44.067671 -35.035977 -42.420730
-42.397145 -32.763714 -45.249871
-43.487768 -32.606736 -44.265357
-44.335037 -36.041408 -38.534548
-40.726331 -37.932637 -42.256063
-44.148086 -32.577363 -43.776334
-43.124270 -34.108462 -43.898465
-42.087624 -32.903916 -45.526790
-41.560427 -39.127389 -41.037002
-44.954709 -34.390482 -40.972964
-44.299041 -35.258051 -42.024914
-43.611593 -36.506408 -41.341116
-44.585568 -34.466245 -41.555233
-41.444710 -39.369307 -38.654914
-41.055916 -37.824102 -42.902293
-43.839156 -35.290508 -43.058939
-41.374760 -39.456692 -38.792622
-43.353573 -33.084081 -44.797173
-44.667985 -34.832029 -41.016756
-44.539941 -35.042694 -42.205595
-41.364537 -39.206241 -39.769275
-43.666377 -36.268888 -41.929034
-44.918078 -34.577865 -41.235434
-41.478727 -39.646611 -38.429867
-40.771443 -36.845102 -44.202044
-43.168845 -34.892092 -43.863327
-41.149797 -36.320387 -44.744932
-42.463696 -34.948949 -45.221902
-40.446270 -39.594403 -40.224566
-42.080153 -38.065193 -42.210495
-43.626043 -34.653466 -43.587530
-45.055454 -33.451074 -41.625174
-43.438515 -36.720761 -42.463675
-42.503862 -38.085855 -41.001469
-40.641050 -39.191555 -41.084102
-44.877914 -34.680811 -39.663960
-42.710488 -36.886558 -43.373364
-41.371227 -39.359907 -39.592805
-41.706260 -35.916356 -44.421430
-43.705210 -31.243472 -43.942491
-40.057067 -36.802773 -44.660984
-41.966247 -33.212228 -45.328263
-45.113762 -34.105785 -40.272442
-40.552216 -40.033066 -38.817029
-41.150294 -39.908710 -37.043653
-43.324991 -31.598322 -44.618144
-43.325291 -32.195319 -44.504529
-41.664737 -39.455714 -37.387372
-44.750188 -36.306890 -39.336615
-41.291252 -39.599175 -37.768917
-44.867776 -34.967018 -41.535115
-43.879062 -37.151697 -39.031463
-41.374393 -35.486287 -45.169720
-42.439753 -38.936494 -38.304537
-44.555805 -34.292572 -42.393436
-40.716748 -38.851527 -41.817562
-41.448499 -37.896457 -42.197880
-41.056091 -39.294352 -40.468827
-43.428522 -35.254168 -43.270432
-45.018392 -34.053630 -42.052391
-42.915303 -38.115625 -39.505110
-42.222806 -39.162281 -37.899689
-42.197692 -34.724340 -44.756578
-43.606060 -32.516445 -44.250736
-41.650412 -39.342339 -38.562906
-42.289839 -38.397542 -40.386807
-44.077468 -33.139828 -43.608535
-44.638525 -35.696009 -41.306383
-42.511345 -38.735476 -39.928454
-40.233897 -37.145949 -43.861789
-41.683914 -35.346085 -44.892801
-41.542135 -38.895110 -41.555859
-44.566891 -32.344238 -42.674875
-42.982515 -37.231826 -41.432074
-40.153777 -35.892601 -45.082967
-43.799456 -33.575527 -43.765902
-40.610763 -38.180397 -42.573401
-42.674700 -37.792990 -40.724296
-44.379014 -34.386797 -42.261456
-44.268561 -36.083593 -42.106428
-42.589564 -38.641964 -38.448717
-43.292674 -32.774058 -44.345668
-42.114183 -36.401365 -43.673186
-42.691843 -38.598033 -38.052337
-41.962258 -34.479616 -44.926375
-40.534952 -39.704633 -40.213332
-42.731808 -36.564663 -42.722321
-42.787654 -35.674584 -44.201196
-44.181389 -37.016742 -38.858840
-42.023660 -39.130220 -39.004244
-44.188763 -33.658723 -43.008853
-41.836200 -37.205692 -42.857258
-40.754400 -39.060418 -41.226970
-40.357877 -37.010325 -43.726307
-44.416529 -33.627333 -43.115282
-41.746278 -38.220999 -41.056535
-43.563442 -33.487470 -44.037296
-40.927256 -36.117361 -44.535905
-41.908696 -38.130496 -42.049417
-43.611464 -37.453110 -39.696918
-40.880023 -36.713558 -43.974180
-40.953517 -35.956792 -44.489627
-40.445959 -38.269878 -42.647954
-44.034516 -36.798859 -40.984840
-44.720896 -35.590659 -39.854128
-43.737720 -37.377003 -40.089688
-42.633007 -32.974551 -45.094620
-44.062346 -37.483834 -38.208047
-40.803676 -37.010544 -43.484737
-41.797057 -37.560259 -42.919828
-41.926778 -39.112730 -40.863441
-42.698370 -35.043880 -44.458741
-43.232790 -33.434734 -44.232407
-43.138438 -35.845175 -43.236612
-44.490562 -36.430096 -40.623212
-42.884364 -34.764412 -44.623179
-40.647618 -36.998286 -44.103409
-45.081162 -34.878953 -40.259809
-41.208553 -39.529371 -40.201954
-44.321175 -36.630946 -41.363399
-43.967619 -34.332880 -43.217119
-43.254169 -33.901775 -44.021677
-43.033684 -37.638956 -40.581114
-42.310741 -37.633336 -41.738155
-43.088699 -33.757979 -44.315838
-43.464268 -37.608190 -39.981423
-41.327350 -37.732890 -43.197334
-43.261111 -32.813906 -44.989470
-42.339822 -38.505210 -40.007817
-42.728920 -36.954374 -43.397716
-40.458605 -40.001619 -39.723889
-41.604568 -37.350227 -43.364343
-42.178288 -38.042686 -40.517847
-41.300431 -39.396465 -39.349118
-44.304566 -32.928472 -43.362064
-41.230025 -35.605094 -44.410197
-43.192992 -38.014584 -39.791249
-43.679785 -33.767933 -43.266650
-42.349370 -38.001666 -40.230150
-39.869356 -33.906866 -46.377884
-45.304725 -31.992459 -40.961649
-41.375279 -31.671721 -45.956973
-41.440789 -39.279758 -39.603793
-39.310915 -34.686180 -45.461236
-42.378666 -38.621395 -37.597740
-39.866125 -34.217872 -45.922077
-41.984864 -39.098069 -37.861061
-43.208349 -37.568144 -39.087346
-43.297644 -32.841586 -44.648375
-44.860728 -35.651988 -39.929161
-41.909345 -39.173511 -38.216287
-40.290827 -33.789492 -45.641211
-40.392799 -32.686806 -46.182780
-39.951719 -33.606664 -46.036205
-42.231730 -38.573328 -39.355889
-45.027169 -33.036524 -41.870076
-41.641778 -39.203635 -38.405772
-41.822941 -39.007087 -38.598247
-40.156584 -35.568872 -44.777004
-44.032730 -35.845328 -42.371310
-43.364592 -36.718809 -42.311628
-42.928272 -38.164064 -39.818095
-44.654479 -34.863539 -41.161274
-41.771601 -31.985915 -45.855145
-43.100086 -37.813835 -38.586175
-40.393048 -35.158432 -45.192014
-45.165407 -35.026390 -39.972439
-40.748180 -36.967841 -43.365976
-41.045269 -36.466452 -44.352259
-45.072746 -32.525722 -41.227322
-41.241438 -35.914187 -44.557787
-40.983013 -35.527685 -44.910248
-41.938936 -38.724118 -39.533697
-43.170213 -33.470642 -44.422523
-41.517136 -38.982772 -40.093236
-42.044162 -36.915253 -43.433465
-42.862306 -37.122713 -42.684547
-42.318533 -36.610480 -43.290989
-42.777344 -32.373772 -45.627024
-45.248049 -32.603527 -40.945539
-42.743201 -37.342445 -42.001927
-44.298333 -34.457589 -43.602814
-41.168272 -36.787702 -43.735719
-42.086498 -38.936752 -39.201756
-42.477933 -37.162655 -42.939983
-40.609669 -35.332494 -44.949780
-43.563536 -37.251185 -41.403643
-44.183287 -36.228063 -42.144070
-43.936795 -35.384623 -42.450725
-43.649567 -33.722617 -44.051605
-42.678714 -34.134729 -45.107059
-42.988659 -37.302179 -41.625408
-42.111698 -37.952322 -42.293278
-44.564832 -34.952304 -40.721155
-41.685102 -34.775037 -44.178493
-41.804137 -38.800037 -41.069939
-44.898974 -33.370043 -40.809052
-43.539149 -37.038883 -41.878821
-41.414821 -31.737730 -45.918989
-44.464206 -35.244238 -40.795644
-45.100642 -34.884344 -40.481852
-42.386409 -33.420300 -45.425826
-40.909300 -39.053855 -39.605310
-41.144839 -36.176533 -44.153075
-44.141517 -33.953976 -43.651709
-43.210317 -33.147008 -45.006210
-44.121906 -36.281586 -40.636925
-40.856291 -34.660768 -45.501233
-40.490059 -36.934760 -43.891418
-43.805106 -34.881045 -43.179238
-44.417523 -35.850151 -40.530071
-42.590147 -37.718679 -41.760643
-42.788035 -32.063206 -45.139834
-43.634353 -37.010461 -39.767927
-42.358651 -38.357585 -41.790361
-43.020853 -33.589659 -44.342127
-40.129681 -34.416338 -45.905775
-43.719789 -36.375172 -42.631989
-42.564525 -38.527806 -40.988042
-42.945018 -38.009635 -41.188379
-41.846000 -34.656151 -45.439025
-42.892404 -37.462282 -41.931408
-44.610766 -32.224310 -42.244952
-41.148835 -38.943946 -40.233117
-43.769763 -36.375132 -41.477136
-44.292344 -35.176049 -43.064145
-42.824026 -38.336096 -39.948840
-43.912124 -35.368964 -43.092719
-41.318567 -35.320378 -45.051397
-42.445373 -37.654626 -42.251515
-43.224536 -34.292277 -44.155337
-42.559022 -36.060720 -43.874102
-41.747358 -33.342758 -45.865652
-43.048359 -37.180492 -42.533916
-43.053680 -37.745845 -40.181923
-41.454654 -32.230201 -45.894447
-42.669908 -34.382859 -45.019409
-44.330597 -34.907949 -42.187404
-41.257262 -36.305595 -43.928729
-42.751032 -38.498619 -38.760174
-39.544952 -35.153700 -45.581729
-44.943114 -33.711738 -41.872762
-41.732010 -39.159670 -39.909726
-41.096789 -34.116483 -46.098637
-43.011299 -31.969769 -45.379445
-42.294986 -38.867382 -39.121802
-42.187391 -32.243061 -45.799061
-39.999757 -38.222108 -42.353777
-43.685253 -37.148927 -39.446843
-39.895749 -35.264529 -45.369625
-43.105586 -37.324235 -41.246003
-44.761968 -33.208463 -42.000088
-41.194217 -38.362481 -41.779902
-42.110892 -37.821795 -42.144065
-41.873087 -39.061095 -39.727786
-39.566071 -35.264633 -45.291245
-41.317894 -36.668282 -44.226142
-41.513334 -33.014705 -45.997412
-44.485493 -33.408871 -42.616458
-40.250585 -37.091319 -44.574941
-44.566465 -35.806451 -40.820797
-42.075793 -38.761819 -40.964976
-43.976084 -36.022657 -41.472476
-43.170405 -37.935601 -39.750178
-44.632835 -33.791272 -42.461853
-43.541097 -37.209015 -40.296216
-44.064244 -33.216028 -43.305709
-44.162380 -33.054462 -43.368982
-42.641617 -35.063168 -44.068484
-40.853156 -36.882758 -44.302369
-43.939122 -36.964854 -40.741806
-44.421982 -35.632532 -41.964760
-40.471910 -34.603719 -46.075051
-41.633977 -33.603047 -45.883813
-43.800087 -37.607466 -39.233879
-43.311308 -36.275489 -42.755615
-39.965090 -34.975949 -45.696830
-42.412807 -34.258834 -45.140091
-44.294338 -36.580822 -40.688076
-42.898039 -32.626246 -44.839478
-42.961705 -33.516364 -44.501503
-43.874134 -35.146848 -43.472729
-42.468718 -32.471334 -45.433600
-40.994971 -34.403194 -45.521599
-40.052876 -34.807448 -45.605982
-40.356837 -36.302544 -45.176904
-42.347106 -38.697548 -40.163320
-42.552861 -38.367061 -40.407561
-42.011354 -36.730453 -43.133197
-43.030406 -37.991226 -40.077296
-40.782418 -37.680487 -43.243015
-41.471655 -36.430828 -44.628640
-40.768871 -34.731839 -45.877892
-43.421274 -34.855661 -43.838013
-40.148281 -35.256690 -45.509878
-40.486147 -36.794731 -44.527846
-44.211035 -34.049926 -43.021392
-41.036586 -38.066428 -42.901898
-41.944746 -38.989805 -40.136238
-43.227238 -37.636999 -41.077095
-40.701055 -37.300362 -44.025964
-43.299525 -37.356182 -40.575317
-43.700193 -36.053496 -43.173007
-41.887274 -35.933430 -44.702837
-40.603494 -34.834387 -45.293766
-41.789073 -33.337251 -45.508546
-44.312200 -35.426654 -42.062183
-42.207069 -35.359485 -45.070276
-41.365920 -34.377825 -45.714178
-42.184914 -32.890764 -45.399323
-41.439255 -38.294155 -42.013228
-41.716486 -33.943667 -45.240201
-43.384990 -33.620868 -43.954357
-43.464916 -34.301221 -43.655342
-42.831929 -37.581853 -41.571731
-42.486124 -32.543442 -44.908016
-43.821930 -36.179495 -41.635163
-43.046221 -34.321688 -44.069706
-43.755484 -36.516769 -41.475463
-43.345322 -35.762540 -43.745271
-42.490366 -32.747811 -44.869044
-44.168097 -35.645210 -41.646703
-41.695086 -36.865640 -43.894511
-43.645564 -35.397966 -43.612761
-40.913048 -37.139505 -43.602434
-40.457530 -35.324921 -45.230397
-41.796968 -38.598321 -41.060578
-42.151839 -38.889277 -40.488314
-42.220540 -37.454044 -42.904036
-44.335340 -34.023471 -42.518795
-40.939848 -36.692768 -44.434676
-42.170433 -35.740837 -44.795326
-41.917716 -37.519431 -43.044068
-40.660075 -36.343916 -44.864049
-43.530241 -37.555180 -40.364252
-44.649336 -35.757477 -41.517156
-44.392376 -34.100168 -42.082535
-40.945993 -38.092124 -42.074377
-43.853450 -35.887579 -42.570355
-44.013514 -31.522554 -44.769896
-41.368283 -32.625471 -46.021713
-42.667590 -38.559846 -37.639482
-38.905087 -35.438786 -44.982170
-44.977289 -32.706671 -42.267212
-41.039958 -39.469531 -41.126557
-39.764135 -35.143943 -45.540044
-42.504739 -38.723013 -39.049649
-41.526873 -38.857401 -39.967370
-40.097552 -34.499063 -45.751578
-40.064518 -37.426677 -44.007479
-40.462797 -39.225208 -41.657601
-41.437142 -34.118683 -45.252884
-43.108041 -37.777556 -39.831998
-43.536913 -37.662452 -39.418194
-40.638180 -34.864295 -45.160864
-40.829484 -34.797255 -45.381877
-43.163532 -36.952793 -41.280202
-44.233044 -35.826519 -42.165856
-44.120178 -36.325325 -41.838654
-42.762943 -34.381809 -44.449262
-44.658062 -32.496128 -42.928176
-40.467594 -36.830151 -44.581855
-42.855361 -32.144596 -45.238316
-43.236602 -34.957640 -43.891595
-42.308007 -31.662066 -45.680181
-43.375765 -35.126960 -43.335707
-43.651734 -34.542158 -43.637389
-44.552885 -33.085534 -43.231415
-42.785078 -38.312271 -39.137751
-41.202369 -39.259579 -40.609102
-41.910352 -37.318524 -43.533572
-44.379537 -35.947549 -41.519281
-43.848726 -34.407757 -43.446282
-42.619237 -35.223788 -44.264703
-41.085378 -36.160953 -44.674282
-41.116305 -39.172545 -41.616000
-42.698546 -35.551053 -43.866668
-42.355596 -38.494047 -39.489620
-43.748253 -36.553058 -40.749170
-44.712574 -33.891842 -42.331943
-42.011046 -31.533946 -45.877340
-43.510633 -37.218093 -40.726386
-41.716147 -38.637834 -40.472879
-40.729589 -34.027903 -45.775603
-41.284457 -38.165589 -42.116835
-41.596802 -36.658458 -44.089314
-41.331185 -39.349019 -40.426127
-43.723340 -35.613945 -42.713317
-42.924359 -32.343907 -44.896762
-43.930787 -36.082916 -41.995091
-41.886936 -31.992871 -45.675550
-41.835551 -35.703963 -44.086221
-42.302870 -38.751184 -39.628220
-42.518246 -37.522395 -41.930066
-42.607927 -33.845833 -45.467983
-42.567231 -37.749275 -41.715141
-42.267648 -36.333565 -43.670384
-43.547392 -35.411545 -43.147053
-42.457042 -34.912787 -44.825067
-44.393831 -33.548580 -42.875040
-40.723504 -39.185044 -41.398835
-44.384907 -31.913872 -43.995360
-44.451206 -32.870423 -43.903709
-42.694785 -38.376132 -40.268842
-44.067564 -35.777972 -42.581683
-41.159702 -34.705834 -45.576416
-41.543248 -32.949437 -45.989679
-44.857064 -33.701077 -41.601494
-40.897074 -38.411952 -42.550438
-43.906777 -33.609764 -44.108858
-42.964442 -37.999994 -40.986546
-42.122814 -34.087971 -45.075050
-44.346029 -33.459829 -44.206948
-44.967749 -33.198218 -42.422412
-42.985917 -38.272188 -39.552214
-41.964692 -37.095928 -43.090246
-41.040640 -36.459018 -44.351361
-43.593361 -36.413268 -41.898188
-43.437689 -33.297048 -44.887891
-41.745440 -32.536037 -45.576479
-41.004118 -38.576331 -42.028733
-44.869075 -32.810793 -42.576572
-43.460500 -33.192934 -44.519211
-44.319804 -35.417042 -43.048139
-43.029246 -37.923643 -40.093672
-42.053976 -33.018732 -45.565499
-42.297574 -38.125413 -40.997437
-44.781386 -35.442317 -41.589537
-41.352231 -36.784427 -43.957668
-42.222198 -36.529797 -43.361756
-42.796851 -38.012399 -40.140287
-44.763940 -33.408210 -42.012751
-41.087700 -37.866059 -42.709930
-42.950186 -37.087981 -41.130567
-44.975067 -32.277244 -42.885219
-44.540785 -35.127491 -42.460651
-42.188277 -38.029476 -41.235818
-41.745202 -38.663228 -40.084145
-41.020465 -39.313164 -41.201676
-38.930426 -38.359312 -42.424643
-41.209254 -33.803346 -46.033809
-44.393294 -35.942310 -40.354387
-39.963672 -40.248620 -39.154045
-42.808653 -32.696380 -44.996992
-41.999298 -39.736038 -36.526164
-39.640371 -38.754399 -42.179796
-42.386853 -32.955034 -45.556531
-41.649526 -34.424221 -45.722998
-42.282386 -33.523318 -44.918927
-40.567981 -36.084764 -44.830467
-41.577498 -39.994692 -37.085703
-42.590845 -32.841278 -45.155190
-40.375134 -35.106395 -44.872832
-43.237383 -37.736312 -39.829046
-43.948554 -37.556725 -38.915121
-42.494533 -33.942097 -44.545979
-40.934709 -40.136104 -38.268661
-40.168505 -39.906310 -39.027029
-43.994240 -36.918053 -40.541769
-42.745244 -34.096301 -44.104809
-42.572518 -38.992981 -37.294203
-41.856846 -37.127783 -43.139911
-43.184177 -37.498014 -40.977665
-40.275516 -38.301436 -42.545498
-42.847351 -36.804949 -41.988007
-41.901198 -39.811389 -37.512959
-40.781003 -39.438575 -40.687516
-42.801878 -38.782554 -36.710178
-40.864153 -34.788201 -45.473990
-41.420909 -36.303871 -43.668666
-42.624938 -38.869885 -37.437012
-42.190578 -39.051148 -37.992843
-44.179315 -34.934060 -41.939761
-42.836277 -35.669366 -43.307494
-39.786474 -38.242958 -42.960846
-39.873907 -39.224663 -41.110569
-43.685020 -35.804087 -42.866169
-42.011791 -35.486982 -44.448278
-43.757515 -35.192714 -42.499300
-40.005859 -38.677574 -41.827794
-40.094439 -39.991802 -39.623532
-43.457235 -37.041906 -41.441566
-41.070374 -39.517642 -40.333130
-43.281110 -33.588972 -43.532179
-41.490250 -36.015291 -43.995871
-41.600178 -35.066165 -45.344332
-42.679272 -36.650521 -42.303856
-42.077638 -35.274199 -43.787373
-39.713275 -37.399167 -43.375177
-44.306890 -35.775886 -40.736347
-41.812882 -39.133081 -39.423749
-41.008357 -39.563520 -40.239912
-41.163124 -38.360665 -42.138113
-42.256836 -36.155473 -43.599534
-41.368635 -37.799838 -43.040585
-41.300627 -39.650739 -39.515817
-41.973848 -38.544895 -40.825487
-43.641789 -35.909274 -41.277393
-40.704226 -40.107212 -38.823085
-42.362908 -34.771346 -44.228109
-39.695118 -36.556522 -44.379510
-43.119998 -38.066602 -38.544286
-44.058040 -35.377922 -41.657862
-43.325930 -36.485940 -42.233755
-41.760126 -39.330694 -38.207413
-42.134131 -38.417849 -41.221507
-42.229072 -39.596444 -37.865977
-41.632985 -34.683027 -44.692921
-43.583937 -36.392960 -42.781754
-42.562619 -34.595093 -43.923128
-42.180775 -33.650728 -45.375543
-43.386356 -37.288479 -41.666938
-42.931280 -34.259891 -43.759937
-43.122660 -38.034219 -36.606746
-43.019686 -38.637656 -36.551980
-42.292462 -34.286933 -44.754241
-41.701706 -34.917736 -44.599699
-43.550935 -36.977697 -41.526693
-42.341878 -34.165979 -44.602131
-42.983089 -38.222554 -38.631799
-43.093627 -37.929390 -39.663935
-44.086479 -36.695773 -40.157799
-40.806568 -36.718639 -43.916974
-42.750436 -37.765409 -40.026540
-41.534517 -38.751983 -41.363577
-42.798690 -38.491097 -37.755862
-43.838878 -35.572839 -41.716351
-43.862150 -37.390301 -39.297081
-43.495392 -37.910618 -38.748053
-40.698981 -39.126324 -41.107666
-43.117008 -36.428811 -42.705711
-43.807956 -37.205887 -40.806388
-41.332122 -39.665148 -38.184300
-40.220621 -40.200470 -38.745657
-42.494568 -38.835973 -37.630934
-44.260678 -35.314185 -41.156812
-42.948748 -33.767019 -43.943314
-44.212103 -36.591896 -40.118293
-42.771617 -37.334164 -41.573661
-44.293823 -36.987342 -37.382794
-40.978604 -34.422299 -45.765698
-39.780367 -35.850600 -44.826833
-43.992627 -32.689450 -43.347248
-45.744984 -34.201390 -39.176645
-41.128196 -40.131687 -37.741189
-41.362224 -34.546027 -45.153514
-40.014981 -38.947017 -41.329154
-40.427302 -39.243145 -40.097759
-40.718990 -35.091578 -45.072863
-40.964199 -36.614753 -44.127716
-42.710461 -38.495830 -37.957806
-40.662050 -36.196759 -44.825400
-40.274094 -39.663401 -39.951607
-43.358591 -32.965009 -44.517578
-42.972172 -36.029726 -42.599570
-43.606271 -37.231928 -41.652830
-45.284147 -34.913142 -40.514005
-44.480097 -35.956297 -40.369787
-41.031857 -40.024027 -38.365742
-41.585629 -35.880977 -44.293145
-45.311284 -33.976785 -40.735169
-44.727205 -36.289656 -37.822111
-41.850401 -35.582245 -44.623521
-43.369051 -35.272501 -44.033841
-45.137116 -35.298913 -38.500521
-43.753541 -33.387688 -43.545722
-45.612932 -33.231733 -40.912408
-44.901169 -34.490954 -42.005657
-41.283480 -35.462983 -44.990829
-42.056657 -39.541342 -38.186008
-42.881670 -37.842340 -41.121414
-42.827440 -35.554364 -43.921771
-44.641444 -34.325102 -42.988630
-44.278941 -34.091948 -43.157418
-42.455967 -38.709641 -39.369698
-44.200740 -33.789961 -43.238307
-42.330060 -37.887680 -39.964829
-42.181400 -39.023841 -39.107951
-44.375963 -36.811863 -38.757940
-42.491034 -37.876520 -41.888744
-45.443336 -34.946442 -38.999406
-45.452251 -33.694494 -40.872647
-44.576355 -35.327581 -39.700829
-41.195618 -38.828668 -41.553857
-45.177074 -33.846056 -41.259264
-43.562658 -38.099266 -38.057796
-44.132621 -36.905186 -39.952711
-43.069604 -33.603905 -44.546201
-43.197208 -37.663723 -40.103962
-43.468709 -34.734288 -42.776799
-41.963876 -37.410076 -42.078453
-43.251393 -33.086096 -44.424526
-42.578370 -36.506400 -42.862891
-44.000073 -36.755254 -41.389509
-41.482287 -39.854745 -39.574373
-43.041474 -38.639049 -37.549418
-41.695001 -36.138867 -43.441797
-41.149495 -37.775511 -43.860588
-43.234468 -33.521965 -44.897840
-40.277325 -39.352395 -40.407414
-43.053861 -36.384885 -42.413888
-43.190055 -38.259845 -37.976658
-42.133004 -39.244356 -38.675451
-42.620528 -38.046883 -39.829167
-42.050162 -38.351228 -39.588074
-41.060523 -38.893732 -41.531574
-42.023499 -39.082129 -38.865900
-42.585655 -39.161601 -37.719521
-41.746261 -39.833343 -38.053579
-42.533558 -36.721210 -42.290970
-43.665045 -37.611868 -37.502681
-42.315225 -37.114643 -42.745360
-45.367312 -33.861418 -40.769404
-41.986620 -39.426689 -38.248415
-44.980132 -33.047256 -42.073723
-43.809800 -37.135953 -41.023879
-42.667846 -35.095791 -44.370855
-43.825223 -37.548284 -39.834072
-44.778434 -33.290447 -42.789679
-41.486080 -39.648153 -39.057642
-43.213363 -35.831628 -43.751501
-41.272171 -38.652541 -42.459323
-43.848822 -37.336229 -38.785855
-45.554711 -34.582089 -38.811015
-42.619040 -35.783007 -44.373357
-43.602409 -33.338826 -43.599823
-41.689186 -39.344080 -39.186995
-40.663318 -38.201355 -43.320606
-44.304268 -36.673979 -39.275453
-44.589930 -34.830384 -42.060071
-41.784489 -37.108183 -43.074837
-43.001176 -37.080009 -42.201833
-43.948069 -37.373454 -37.465671
-44.530816 -36.750772 -38.604826
-41.408905 -36.566304 -44.421811
-45.351182 -34.678064 -39.439966
-41.965903 -34.295587 -44.626966
-44.769683 -35.930671 -39.443607
-44.954104 -34.250134 -40.942743
-42.163252 -39.268248 -38.262638
-43.657829 -37.583697 -37.817787
-41.061460 -32.904617 -46.042221
-43.471849 -32.014660 -44.777507
-44.962671 -34.800705 -41.156423
-39.614026 -35.689698 -45.341485
-42.394643 -39.001526 -38.516772
-39.874351 -36.199170 -44.869376
-44.771725 -35.709814 -40.724655
-44.607800 -34.509749 -41.728687
-41.675675 -37.051760 -43.534229
-44.468084 -36.678774 -39.530979
-39.623548 -35.212837 -45.358689
-40.768266 -37.158290 -44.345425
-41.187677 -37.885597 -42.480212
-42.139355 -39.068635 -39.340687
-40.064232 -33.878639 -45.811023
-43.129089 -32.432335 -44.731550
-43.928754 -36.005153 -42.398242
-43.583361 -35.364711 -44.039726
-42.924200 -32.899966 -45.124878
-44.032137 -36.297616 -40.207539
-41.049019 -33.718235 -45.872912
-42.854783 -38.057071 -39.181707
-41.430017 -38.832156 -40.618742
-42.071821 -33.964185 -45.048538
-43.639705 -34.200639 -43.308994
-42.040235 -32.623270 -45.716007
-42.703032 -38.614441 -40.378884
-42.416560 -34.389807 -44.672778
-44.354334 -35.513437 -42.134798
-44.284997 -36.198815 -39.936202
-40.958090 -35.033640 -45.229892
-43.747677 -36.832262 -39.736252
-43.794629 -35.438125 -43.025535
-43.300272 -38.210756 -38.853699
-41.646433 -33.099944 -45.979328
-40.181468 -35.834351 -45.279808
-42.342965 -36.498173 -43.752421
-40.608731 -34.115255 -45.680344
-41.987417 -33.328567 -45.580281
-42.720161 -38.196588 -39.004605
-42.739227 -34.892745 -44.158090
-44.106051 -33.466876 -42.839723
-42.614136 -37.771536 -42.083198
-39.951466 -34.597481 -45.579434
-43.717031 -37.411516 -39.658950
-42.962037 -33.623153 -44.244102
-44.694930 -36.000143 -39.415651
-40.447023 -36.405363 -44.708493
-43.522021 -38.037152 -38.866522
-43.281832 -33.049208 -44.611541
-43.962232 -36.662982 -40.379761
-43.977806 -36.080270 -41.496496
-44.437153 -35.160604 -41.008110
-41.897174 -39.231093 -39.888022
-43.021892 -37.491961 -41.253348
-41.390606 -38.909332 -40.165990
-41.338919 -38.523310 -41.661395
-44.224548 -35.535594 -42.735957
-42.235655 -32.233896 -45.262896
-41.825718 -35.774152 -44.459240
-40.877182 -37.061138 -43.943893
-41.734589 -38.770843 -41.264043
-44.398523 -34.289919 -41.959535
-44.315569 -35.757767 -40.876991
-41.877523 -38.276893 -41.777874
-42.530527 -38.573125 -40.651271
-42.026959 -33.394576 -45.542297
-41.493627 -36.520554 -43.993444
-41.096786 -33.853961 -45.322795
-42.968810 -32.582234 -44.793678
-40.687079 -34.135477 -45.583263
-40.322137 -34.766602 -45.383840
-43.243120 -37.119697 -42.613669
-43.078240 -36.959891 -42.858218
-43.409586 -36.931387 -42.638799
-39.913374 -34.734537 -45.638125
-41.267432 -38.371906 -41.994763
-40.374125 -34.753759 -45.408998
-41.651713 -38.066434 -41.913222
-42.560493 -37.690006 -42.425119
-41.383667 -37.838495 -42.934993
-41.616614 -35.847162 -44.485747
-42.077263 -32.138447 -45.324511
-40.514068 -35.608854 -45.210156
-41.887539 -38.441252 -41.590095
-43.434505 -35.951407 -42.734075
-41.251813 -38.941929 -40.963520
-43.196791 -36.061534 -43.243567
-43.349534 -36.678407 -43.123558
-42.762932 -37.290871 -41.362790
-43.484053 -37.600169 -41.140567
-40.922122 -37.314585 -43.051527
-43.733642 -33.493468 -43.215313
-42.257587 -37.256325 -43.039270
-42.781625 -35.585556 -43.784211
-42.215702 -38.771649 -39.830130
-42.547388 -36.246903 -43.861988
-41.587497 -35.632506 -44.756618
-44.481703 -32.205375 -44.345362
-41.049865 -34.214639 -46.150437
-40.703738 -39.550068 -38.957641
-45.243175 -33.200153 -41.985699
-39.745340 -36.547461 -44.560133
-43.527875 -37.761659 -38.706046
-41.852356 -34.421246 -45.343901
-40.518311 -37.605884 -43.221489
-43.417174 -37.071001 -40.293425
-40.052863 -35.810025 -44.444594
-44.894683 -32.445520 -42.066401
-45.105887 -33.985351 -41.064284
-42.183430 -35.614234 -44.743390
-40.226884 -37.196517 -43.980749
-42.100233 -34.308298 -45.680210
-41.310190 -34.724111 -45.678328
-40.984162 -39.309824 -40.629469
-41.186308 -38.840487 -40.494504
-44.546600 -32.743029 -43.479853
-44.122193 -33.828493 -43.050436
-43.445523 -37.179130 -39.197793
-44.566097 -35.037309 -41.899327
-40.635287 -37.331260 -43.780318
-42.010815 -34.628955 -45.023187
-42.271786 -35.944296 -43.870771
-40.784717 -37.436231 -43.157001
-41.328266 -39.464886 -39.103081
-43.014097 -38.383404 -38.842269
-43.740201 -33.483738 -44.498193
-41.729786 -37.887394 -42.619744
-44.932642 -34.829911 -41.211057
-43.282904 -32.864063 -44.880741
-44.049573 -35.659124 -42.340350
-43.066971 -37.410311 -41.465802
-44.771236 -33.739290 -42.471476
-43.145693 -37.865640 -40.554590
-44.515995 -33.351819 -42.787115
-42.913445 -36.999569 -42.555189
-43.632877 -33.602301 -44.027751
-42.502079 -38.514950 -39.570374
-43.107021 -33.072175 -45.198854
-41.447269 -36.446355 -44.043744
-42.566262 -38.008165 -40.658053
-41.407447 -39.414328 -40.082323
-42.112681 -34.930718 -44.871792
-44.417949 -35.468634 -40.015120
-43.702261 -36.716885 -40.795458
-44.339467 -35.792493 -41.478134
-41.568311 -34.757192 -45.152886
-42.433554 -38.694866 -39.842754
-44.236587 -35.440782 -41.593811
-42.676264 -34.147954 -44.924285
-42.962552 -38.315125 -39.376267
-44.156144 -33.260072 -43.648621
-42.974090 -38.125044 -39.624631
-41.217196 -38.686254 -40.829720
-43.828859 -32.283702 -44.342684
-41.622837 -35.671179 -44.570940
-44.815784 -35.155858 -41.701439
-43.904171 -36.090379 -40.151343
-42.306537 -38.568709 -39.935154
-40.582251 -38.240061 -41.738676
-43.573144 -35.262248 -43.339643
-44.995121 -34.536789 -41.690082
-41.107362 -38.972505 -41.607661
-40.160190 -37.737757 -43.199606
-44.680032 -33.114025 -42.865396
-43.807646 -32.977019 -44.543713
-42.425862 -37.782393 -42.269872
-40.857811 -38.990906 -40.912663
-40.096137 -36.658290 -44.348029
-42.333802 -35.063662 -43.584054
-43.871080 -36.831099 -39.773033
-42.087406 -36.039594 -44.119962
-43.958062 -36.059023 -42.098895
-41.523311 -36.322185 -43.444518
-42.618344 -37.426617 -42.189092
-42.803341 -36.190627 -42.884738
-43.524465 -36.932079 -41.668552
-41.654273 -38.536567 -41.004482
-40.889558 -37.186846 -44.239441
-41.936445 -39.034587 -39.615836
-43.271496 -36.007300 -43.162404
-42.773746 -36.762291 -42.722425
-40.533692 -39.100781 -41.178446
-43.919650 -33.695442 -43.922897
-41.637348 -39.123460 -39.386452
-44.304688 -35.365389 -42.723978
-41.491691 -36.863049 -43.370669
-42.713995 -34.860374 -44.401701
-44.775083 -35.270222 -39.443102
-44.688491 -35.325144 -40.039201
-42.993008 -36.231448 -41.784822
-44.169394 -34.331732 -42.992025
-42.841474 -34.851214 -44.262322
-44.445945 -34.550911 -42.636105
-42.514795 -34.405847 -44.976724
-44.917169 -34.025792 -41.778595
-41.173170 -37.287211 -43.539917
-41.970430 -36.314218 -43.561133
-43.407523 -35.474898 -43.635243
-41.953273 -37.361844 -43.513779
-43.673039 -36.737012 -41.365114
-44.077205 -36.280516 -41.493067
-41.198910 -36.926374 -44.485241
-42.317057 -36.195115 -44.656614
-44.632839 -36.190777 -40.738685
-43.232519 -37.518265 -41.756441
-45.015181 -36.164797 -39.663516
-43.576727 -37.889011 -39.432361
-43.017160 -38.377574 -39.387937
-43.993811 -37.317233 -39.270631
-41.692178 -36.682351 -44.633028
-42.460078 -38.493749 -40.774049
-43.738380 -38.074397 -38.280092
-43.875896 -35.616388 -42.485831
-41.473414 -38.416926 -42.233225
-42.353896 -36.984048 -43.641309
-42.487849 -37.885444 -41.704198
-43.334721 -34.804348 -44.402717
-43.007939 -38.019558 -40.811082
-43.684619 -36.368602 -42.536179
-42.870488 -35.326135 -44.359791
-44.142102 -36.818170 -40.627558
-44.549953 -34.844744 -42.287480
-42.743146 -38.692671 -38.858661
-42.833227 -36.210697 -43.911536
-44.999197 -35.137081 -41.290018
-42.686100 -38.915218 -40.123584
-41.326885 -35.343624 -45.187122
-41.812815 -38.427550 -41.736418
-42.494135 -39.206675 -38.348326
-44.726274 -36.800520 -40.239834
-45.027922 -36.055468 -40.417073
-44.132182 -37.597723 -38.016771
-41.172247 -37.657275 -43.763067
-43.761743 -34.210794 -43.764119
-43.655804 -37.622769 -41.209295
-43.082582 -36.867934 -43.003204
-44.669347 -35.642320 -41.338313
-41.890737 -39.446010 -39.494547
-42.052324 -39.022247 -40.612285
-41.498024 -38.900458 -40.982482
-42.724316 -37.229808 -42.556342
-41.934730 -39.389860 -40.487134
-44.610184 -36.930259 -37.129296
-42.768729 -38.588128 -39.544871
-43.684473 -36.095168 -43.333814
-44.040688 -35.254488 -43.196776
-41.708546 -38.573254 -41.470971
-42.966228 -38.747668 -38.735389
-42.842945 -38.925804 -38.499864
-44.678969 -34.505927 -41.532952
-43.323763 -33.272827 -44.543343
-43.893802 -34.172528 -43.624825
-42.872785 -38.212816 -41.147166
-42.276893 -36.799768 -43.776695
-41.397413 -39.708764 -39.351605
-44.130418 -37.065698 -40.133843
-41.169615 -37.045973 -43.795738
-43.204892 -37.721430 -41.046726
-44.850572 -34.246523 -42.462911
-44.065254 -35.906081 -42.134179
-42.223990 -38.617140 -40.856841
-43.785325 -37.140844 -41.119895
-43.222302 -37.986074 -39.190045
-42.676655 -34.507638 -45.075304
-42.380861 -34.977197 -44.737589
-44.375336 -36.465043 -40.643114
-42.796690 -36.895233 -43.192597
-42.311086 -37.418594 -42.916004
-41.588614 -39.173536 -40.338257
-43.516799 -35.340315 -43.688066
-40.941716 -38.897141 -41.629736
-43.349534 -36.678407 -43.123558
-41.452272 -37.682761 -43.602060
-41.290383 -34.923792 -45.142238
-42.187456 -39.292951 -39.353487
-42.845848 -34.927052 -44.156584
-43.873297 -37.594086 -40.161560
-44.555691 -36.154216 -41.703165
-43.105618 -37.874848 -41.917730
-42.595461 -36.087627 -44.187444
-41.033056 -38.082752 -42.712564
-44.056202 -36.728022 -41.178850
-42.375723 -38.060053 -41.809491
-40.353012 -36.980724 -44.245256
-40.988524 -39.595917 -40.016696
-44.334865 -34.265529 -42.784032
-43.436593 -37.214493 -42.037870
-43.760575 -36.531679 -42.090901
-41.902742 -37.891804 -43.053083
-41.617987 -33.515176 -45.109114
-40.782744 -39.101975 -40.921664
-41.138960 -38.189975 -42.851010
-43.974475 -35.198058 -43.560844
-41.580816 -37.461864 -44.048232
-42.031286 -37.670907 -43.499255
-41.594218 -39.329029 -39.522894
-43.094330 -34.588265 -44.572996
-41.678478 -38.101687 -42.060650
-40.370107 -34.636205 -45.024565
-43.259996 -37.755048 -41.261338
-41.234838 -34.027695 -45.208487
-40.323114 -38.954955 -42.195093
-44.276569 -36.082518 -41.846288
-40.536861 -37.878721 -43.825834
-43.149311 -38.257907 -40.440420
-43.417570 -33.851326 -44.491573
-41.912860 -36.393546 -44.632915
-43.907175 -36.500423 -42.304815
-40.515494 -37.493685 -44.408856
-43.111417 -36.955798 -42.668722
-43.920125 -34.463642 -43.874163
-43.366261 -37.201830 -42.305120
-44.242610 -35.837075 -42.657868
-43.718486 -35.316811 -43.487968
-43.881844 -35.950788 -42.983163
-43.464591 -37.022274 -41.581214
-42.972459 -37.678504 -42.568441
-43.521746 -37.396197 -40.760121
-41.299675 -39.576905 -39.469089
-41.020466 -38.685792 -41.950975
-43.219991 -35.801268 -43.688220
-41.974618 -36.985190 -43.784911
-42.246010 -36.561923 -43.722340
-41.526843 -38.885569 -41.151628
-42.679109 -37.061154 -42.776065
-42.518012 -38.126589 -42.024795
-42.405466 -33.606795 -44.897629
-42.170001 -37.395048 -42.653874
-42.340206 -35.484564 -44.743769
-43.946189 -37.184707 -40.751475
-42.895461 -36.042152 -44.287774
-43.695470 -34.890351 -43.948538
-42.806261 -32.466283 -44.974679
-41.934082 -38.896743 -40.322593
-43.535782 -36.109105 -43.079351
-43.883892 -36.863077 -41.557498
-42.568075 -38.529200 -39.769253
-42.976824 -36.422277 -43.504825
-44.176819 -36.549212 -41.138421
-42.920082 -37.904169 -40.991044
-42.402123 -37.041980 -43.329316
-43.295180 -35.539913 -43.884196
-42.301816 -36.991171 -43.741186
-41.138083 -39.489540 -40.208214
-43.739778 -37.117379 -42.158591
-44.695043 -36.235596 -39.686314
-43.134213 -36.577054 -42.831844
-41.531652 -39.514823 -39.184465
-42.932688 -35.869754 -44.185910
-43.946053 -37.343511 -38.704145
-41.132856 -38.886960 -41.937368
-41.433852 -38.639036 -40.985326
-41.436140 -36.214242 -44.598029
-42.236159 -36.511856 -44.076177
-42.668415 -34.365318 -44.801400
-41.710202 -37.475038 -43.312968
-43.381963 -37.821675 -39.579457
-44.664410 -35.578421 -42.098329
-43.956691 -37.311277 -39.872443
-44.717024 -36.125774 -41.355300
-43.751396 -36.361134 -42.327417
-40.288049 -36.160584 -44.800878
-44.481796 -33.078320 -43.406504
-42.231789 -35.122058 -44.856503
-42.697608 -38.397426 -39.137113
-44.059996 -33.336974 -43.966043
-44.284191 -35.933271 -42.773982
-41.365130 -36.900460 -43.992994
-43.413172 -33.193476 -44.493157
-42.470953 -36.049040 -44.437164
-44.373843 -36.650560 -40.031460
-41.796406 -35.502536 -45.003710
-43.577946 -36.730444 -42.649652
-42.354052 -37.858674 -42.412499
-43.780695 -33.581861 -44.114100
-42.638395 -38.900711 -39.662000
-42.153788 -38.300823 -41.319931
-42.918413 -37.745301 -41.429689
-42.945207 -38.229042 -40.864507
-43.124525 -37.190433 -41.998057
-42.534110 -37.201746 -42.893352
-44.137042 -36.690272 -41.430026
-41.778651 -38.042738 -42.522966
-43.449242 -35.072277 -43.916952
-41.903311 -38.762625 -40.684643
-43.835394 -37.435324 -41.252787
-42.817621 -36.741886 -43.353547
-43.921625 -35.062186 -43.657292
-43.882625 -36.104846 -42.692930
-40.834052 -37.048742 -44.175471
-43.225231 -36.070219 -43.276284
-42.638315 -37.830608 -41.290323
-43.296572 -35.482000 -43.676810
-44.270608 -36.055095 -42.361650
-44.134951 -34.174924 -43.052621
-43.466186 -33.159068 -44.283527
-44.421236 -34.857408 -43.222060
-42.929767 -36.816666 -42.887631
-42.982052 -34.085596 -44.571336
-42.126567 -37.655713 -42.274826
-44.235579 -33.966746 -43.707923
-40.710320 -39.521895 -39.546179
-44.316504 -36.869685 -40.365397
-44.662124 -35.159385 -42.000576
-43.043429 -36.231895 -43.908326
-44.977712 -35.986677 -40.116280
-44.782446 -35.832392 -41.445983
-44.765239 -34.194896 -42.765474
-44.377895 -36.425630 -41.713307
-43.529276 -36.678603 -43.238149
-44.507849 -36.572391 -38.412080
-43.296354 -37.852571 -41.062142
-41.827542 -39.599408 -38.995854
-44.071586 -36.444814 -42.398471
-43.913067 -35.424569 -42.986694
-43.541867 -35.720519 -43.883262
-42.823866 -37.304195 -42.571530
-42.029824 -38.622204 -40.814759
-43.727282 -37.439997 -41.043773
-42.931336 -38.512411 -40.507679
-43.150133 -38.443073 -39.254954
-45.160632 -33.741752 -41.836690
-41.487807 -37.590970 -43.525219
-44.368991 -36.902593 -39.304983
-43.518375 -36.937066 -42.223585
-41.917040 -36.580360 -43.867453
-43.815264 -36.930891 -41.529310
-41.918726 -35.932239 -44.724668
-43.821263 -35.488744 -43.942293
-41.935188 -39.484978 -39.908467
-43.395427 -38.134794 -38.627699
-45.104993 -35.133277 -40.262245
-42.452421 -39.112172 -39.019440
-44.143164 -35.578860 -42.318428
-41.971186 -34.687935 -44.854305
-41.278052 -39.385415 -41.095765
-43.151520 -37.784103 -41.552073
-42.677475 -37.933885 -41.651388
-41.464657 -38.342525 -42.437655
-42.228489 -37.460533 -42.864772
-41.296558 -37.953882 -43.066733
-43.515746 -37.761504 -39.061644
-42.693408 -38.628141 -39.776733
-45.139343 -34.897110 -40.352786
-42.758615 -35.135857 -44.579312
-44.854086 -34.152981 -42.168333
-43.837835 -33.575675 -44.680381
-44.496840 -36.234622 -41.233910
-42.570731 -37.780695 -41.651554
-41.496370 -37.837535 -42.835526
-41.778951 -34.762222 -45.239357
-42.543329 -38.500811 -41.099814
-43.806929 -36.392305 -42.295417
-43.901620 -32.284841 -44.631890
-42.112671 -36.081049 -44.587865
-44.446206 -35.034254 -42.459717
-44.582745 -33.896986 -42.784853
-43.229696 -35.903525 -43.681397
-42.257150 -37.117189 -44.184697
-43.812099 -34.814418 -43.934938
-42.041169 -38.366311 -41.404863
-43.964834 -32.148875 -43.999194
-43.928744 -36.452649 -41.970601
-44.761947 -36.345610 -40.362841
-41.546667 -37.407726 -44.246885
-42.656165 -37.183671 -43.522841
-43.548866 -38.376173 -38.725851
-43.278838 -36.888775 -42.464540
-42.272372 -37.664597 -42.676201
-42.732262 -37.173697 -42.722260
-43.751561 -33.756114 -44.123275
-44.097360 -34.596812 -42.963272
-44.066385 -37.550466 -39.980466
-43.726288 -36.846347 -42.107947
-43.466887 -36.466952 -42.901955
-42.258595 -34.460590 -45.250601
-44.900368 -35.425272 -41.684428
-43.497807 -35.182836 -44.020148
-42.637418 -36.381231 -44.203732
-41.813510 -36.654523 -44.623348
-43.472769 -38.386147 -39.526432
-44.384450 -35.988306 -42.641156
-43.331317 -37.501621 -41.443174
-43.848633 -35.621673 -43.089346
-43.487174 -33.600110 -44.598023
-43.158014 -34.828071 -44.549430
-44.158484 -34.036256 -43.346913
-43.591138 -37.591956 -40.787465
-42.208766 -38.158030 -42.786343
-44.373837 -37.107379 -40.085255
-43.114291 -35.540853 -44.027781
-43.300369 -35.491882 -43.592702
-44.356896 -35.634982 -42.721497
-42.086708 -39.021560 -39.817744
-40.103867 -38.600114 -42.383840
-43.209018 -37.813865 -41.217138
-42.498503 -38.319908 -41.926361
-44.332558 -36.268383 -41.619202
-45.011609 -35.469815 -40.200904
-41.178112 -39.726665 -38.898838
-42.667430 -35.173424 -44.157085
-42.197207 -37.702420 -42.768805
-42.345208 -38.559794 -41.272631
-42.847273 -36.376075 -43.321061
-41.233780 -36.965550 -44.614832
-44.753488 -35.436734 -40.726346
-40.925421 -39.326448 -40.260613
-42.951439 -38.413050 -40.001666
-40.754369 -38.567989 -42.112493
-43.455389 -35.509032 -43.871617
-41.199782 -37.197628 -43.974533
-41.254595 -38.234795 -42.773407
-44.051626 -36.665869 -40.662015
-42.865261 -37.799591 -42.475389
-44.645803 -34.999259 -42.145179
-39.938997 -37.319280 -43.839233
-42.617898 -35.904148 -43.878901
-41.998220 -36.579052 -44.192840
-43.948007 -35.522135 -43.386588
-40.972428 -37.072683 -44.422137
-40.833782 -39.876344 -38.787613
-42.023690 -36.924336 -43.554917
-43.457009 -37.556526 -41.952916
-43.336323 -34.590837 -44.110586
-43.930299 -37.196727 -40.042316
-43.676230 -35.657969 -43.480414
-42.123518 -36.262740 -44.280638
-42.673231 -36.983123 -43.057024
-41.438919 -38.953934 -41.572350
-43.722847 -36.222017 -42.076225
-43.260836 -36.777232 -42.219175
-43.714905 -36.601560 -43.061081
-41.158959 -37.532846 -43.370995
-41.880812 -38.234510 -42.182737
-41.691542 -37.833785 -43.370523
-41.446134 -37.346958 -43.701542
-44.128374 -35.872035 -40.006567
-43.946014 -36.123190 -42.115107
-44.537795 -35.634605 -40.723472
-42.582074 -37.015865 -43.495715
-41.486957 -37.011740 -44.305080
-44.814755 -34.205642 -42.051329
-43.606125 -36.074946 -43.430895
-44.014606 -33.823973 -43.727857
-43.319067 -37.202860 -42.731707
-43.583361 -35.364711 -44.039726
-41.739118 -38.132206 -42.411760
-43.932593 -35.384224 -42.762368
-42.372208 -37.810798 -42.611606
-41.641122 -34.925790 -45.120185
-42.500848 -36.733460 -43.962481
-42.371393 -34.910963 -44.722689
-45.273674 -34.134050 -41.029293
-42.431165 -34.509977 -45.122067
-43.502262 -37.595150 -41.307588
-44.121393 -37.230147 -40.643565
-41.005472 -38.002196 -43.215458
-44.654440 -32.817891 -43.115003
-43.925481 -36.675208 -41.332125
-42.452334 -35.551901 -44.436891
-43.592806 -34.082627 -44.287396
-44.086444 -34.349419 -42.950655
-41.297610 -39.288047 -40.250716
-42.663129 -37.666511 -41.878269
-40.810425 -36.258618 -44.747485
-44.785670 -34.789109 -41.778908
-40.974454 -38.884184 -40.969664
-43.699560 -36.684689 -42.932044
-43.119094 -35.314224 -44.203248
-44.959916 -33.842681 -41.858857
-42.730260 -38.130710 -41.406419
-42.217650 -35.874510 -44.751543
-42.061358 -38.517443 -41.584721
-43.057487 -33.920435 -44.781147
-42.922257 -38.446733 -40.298416
-41.808457 -36.329845 -44.483051
-43.312529 -36.727758 -43.380513
-41.464562 -35.691218 -45.287551
-43.126544 -35.661947 -43.592697
-42.146770 -38.688686 -40.144734
-43.602373 -36.969936 -42.133443
-40.936344 -37.490619 -43.756027
-41.226581 -37.226668 -43.816047
-43.043930 -38.029329 -39.366215
-42.335136 -35.578155 -44.659553
-40.390567 -35.021244 -45.668611
-41.776906 -39.137160 -40.480942
-42.874638 -38.105345 -41.765290
-39.936872 -35.940944 -45.296278
-40.970405 -33.999426 -46.075953
-43.163773 -34.687028 -44.019449
-43.764744 -37.314748 -38.879767
-40.119444 -37.480657 -43.724349
-41.465706 -34.696806 -45.437348
-40.874457 -37.984911 -43.038509
-44.686158 -34.146692 -41.901935
-42.597558 -35.823288 -44.384464
-41.045002 -36.360157 -45.261514
-42.808218 -37.335117 -42.517300
-41.413353 -36.518853 -44.728630
-42.690343 -33.804638 -45.107452
-43.693525 -36.254654 -42.471528
-43.853656 -36.845902 -40.691542
-42.773666 -37.285784 -42.972182
-42.719982 -33.759206 -45.482156
-44.233211 -34.511392 -42.932391
-41.511228 -35.851447 -45.079169
-42.800197 -34.826679 -44.548652
-42.695402 -34.866449 -45.065234
-43.075391 -32.740666 -44.530076
-41.356438 -38.691550 -41.674396
-41.638094 -39.473367 -39.078720
-40.704587 -36.646456 -44.419914
-43.152155 -35.443273 -43.850623
-41.640786 -36.617737 -44.137573
-44.263476 -36.332911 -41.893123
-44.849299 -34.202017 -41.436507
-42.401665 -37.807355 -42.079428
-41.831809 -38.151104 -42.722771
-42.670880 -36.465641 -43.673755
-43.566256 -33.590044 -43.951281
-43.436253 -37.146865 -41.457664
-43.679480 -34.668022 -43.698328
-42.198454 -36.705693 -43.681648
-43.640911 -35.707301 -43.214557
-44.341990 -34.493878 -41.509675
-43.174685 -36.216011 -43.396902
-42.862059 -36.518715 -43.929490
-43.316398 -37.849364 -40.456949
-44.275550 -37.291662 -39.868982
-41.504366 -38.066467 -43.288324
-40.070884 -37.574545 -43.891115
-44.444729 -36.185034 -42.384447
-43.111408 -35.686035 -43.799279
-43.906802 -37.075091 -40.483068
-41.986531 -37.061742 -43.935774
-42.971608 -36.590647 -43.694074
-42.421675 -37.478343 -42.732804
-42.728202 -36.858405 -43.514877
-41.246144 -38.559744 -42.362276
-44.743183 -35.825607 -41.522624
-44.044396 -35.389372 -42.966847
-43.924514 -34.839621 -43.885199
-42.566066 -36.145191 -44.667263
-43.119948 -37.896068 -41.448180
-41.622873 -39.006616 -41.573390
-41.360843 -37.312507 -43.561314
-43.516949 -36.047125 -43.556617
-43.946247 -36.708163 -41.085355
-41.903591 -37.930819 -42.662161
-43.195419 -37.507406 -41.941983
-44.669352 -36.814988 -39.605661
-44.374984 -35.048664 -43.336222
-42.347741 -37.823270 -41.885073
-41.803812 -38.647700 -41.906351
-42.029491 -35.804038 -44.950081
-42.124397 -38.765646 -39.854753
-44.533012 -36.161007 -41.429520
-40.130120 -38.285334 -42.966769
-43.387196 -36.717932 -42.193247
-43.423514 -35.437382 -44.055468
-42.441402 -38.546762 -39.811796
-43.699560 -36.684689 -42.932044
-42.050378 -36.524417 -44.511458
-44.361401 -35.170488 -42.923890
-42.009904 -38.963547 -41.124921
-42.598629 -38.475480 -40.916073
-44.920276 -35.209231 -41.815005
-41.549847 -36.105670 -44.938837
-41.984476 -37.342895 -43.253234
-43.244650 -37.098186 -42.812355
-43.999731 -36.467917 -42.302695
-42.940730 -34.950022 -44.262993
-44.205843 -35.913049 -42.871063
-44.270710 -36.603613 -40.550060
-43.586055 -37.473226 -41.174653
-41.453137 -37.015842 -44.516854
