-25.101673 -26.349044 -24.371275
-25.335376 -25.320694 -24.597128
-25.454832 -26.446225 -24.031701
-24.288458 -26.493109 -24.323892
-25.408285 -26.617999 -23.748411
-25.726851 -26.354618 -23.965122
-25.102547 -26.945544 -23.215079
-25.760570 -26.118680 -24.565033
-25.851443 -24.727711 -24.484241
-25.374566 -26.853937 -23.148500
-25.810494 -26.151315 -24.160282
-25.093750 -26.747437 -23.449810
-25.112359 -26.587300 -24.059703
-25.894660 -26.064762 -23.696625
-24.848818 -26.884644 -23.374203
-25.398520 -26.170377 -24.181321
-25.335740 -26.489748 -23.840032
-26.147259 -25.753632 -22.648656
-24.948654 -26.354657 -24.474895
-24.382773 -25.093844 -24.974365
-24.760074 -27.086619 -23.243081
-26.126764 -25.983352 -22.868572
-25.081517 -26.405522 -24.463358
-25.550360 -26.357086 -23.347071
-26.218915 -25.689804 -22.871983
-24.798400 -26.828683 -24.243156
-24.435267 -26.080889 -24.751293
-24.651467 -26.868730 -23.511813
-25.583380 -26.575082 -22.613359
-25.003528 -26.299717 -24.465885
-25.373757 -24.914259 -24.761842
-25.219137 -25.018490 -24.816901
-24.848324 -26.861318 -23.838405
-25.208467 -25.859558 -24.710800
-24.258879 -26.925018 -23.863055
-24.512608 -26.985918 -23.703931
-25.452165 -24.480453 -24.775528
-25.736303 -26.561822 -22.347330
-26.134861 -25.390403 -24.398220
-26.390082 -24.577528 -23.630025
-25.326943 -26.291641 -24.074763
-25.901668 -25.846199 -23.773267
-25.397291 -24.535393 -24.784538
-25.408706 -26.929902 -22.620973
-25.201103 -26.385325 -24.190825
-24.884660 -26.412934 -24.136766
-25.539546 -25.224247 -24.708611
-25.458630 -26.962537 -22.216222
-25.038525 -24.530769 -24.819880
-26.101142 -25.626341 -23.798309
-26.179112 -25.314047 -23.173089
-26.357313 -24.840141 -23.488368
-26.158541 -25.412617 -23.599631
-24.835340 -24.442539 -24.924766
-25.136687 -27.021509 -22.687552
-25.594420 -25.169307 -24.699601
-25.779199 -25.685313 -24.269639
-26.160904 -26.059317 -22.341045
-25.844634 -26.227280 -23.632755
-25.867949 -26.082137 -23.173356
-26.572983 -24.682343 -23.488795
-26.304340 -25.246345 -24.236100
-24.061304 -26.839410 -24.138115
-24.820965 -26.646190 -23.913801
-24.907099 -25.267835 -24.733461
-25.769448 -25.308287 -24.468133
-25.739764 -24.394318 -24.756536
-24.702165 -25.395817 -24.850052
-26.455867 -25.447415 -22.842028
-25.691823 -26.506741 -22.841175
-25.223001 -26.326178 -24.236871
-26.518109 -24.737283 -23.497805
-25.807194 -25.620599 -24.334006
-25.119953 -26.713398 -23.311176
-24.092794 -26.221964 -24.779295
-25.836598 -25.471589 -24.070961
-24.993031 -26.986066 -23.051937
-24.644356 -27.039539 -23.280863
-25.867026 -26.191459 -23.214599
-23.448876 -27.332264 -22.482823
-24.936098 -25.073436 -24.888415
-25.838279 -25.161506 -24.587864
-24.359692 -25.536892 -24.878054
-24.572218 -27.155953 -23.430439
-25.442425 -26.693964 -23.220884
-25.613834 -26.400936 -22.843702
-24.492072 -26.469222 -24.488008
-26.454818 -24.450287 -23.637741
-23.702605 -27.393164 -22.323699
-26.223146 -25.349185 -22.996822
-24.819684 -27.256654 -22.969589
-25.078353 -25.762290 -24.812488
-24.435841 -27.098486 -23.230401
-25.584484 -26.146114 -23.460989
-24.413569 -24.458554 -25.074359
-24.338977 -26.438695 -24.269223
-23.967572 -26.836602 -24.097749
-25.050603 -26.333898 -24.120229
-25.847378 -25.443769 -24.464816
-24.582836 -26.430894 -24.157486
-24.759439 -26.403425 -24.238694
-26.038786 -25.397060 -23.833578
-24.203300 -26.406420 -24.360448
-24.437122 -26.488022 -24.174613
-24.979739 -25.895564 -24.728753
-24.712940 -25.680174 -24.882401
-25.879442 -25.846389 -23.600466
-25.322212 -25.754489 -24.700751
-25.043746 -25.356769 -24.953613
-26.495155 -23.764660 -23.751430
-25.306084 -24.702886 -24.999850
-24.701273 -25.497844 -24.981615
-24.940671 -24.620770 -25.069763
-25.559813 -24.763786 -24.840726
-24.871544 -26.601339 -24.072856
-25.760570 -26.118680 -24.565033
-24.529071 -26.742414 -24.100858
-24.458207 -26.304080 -24.709382
-26.455156 -23.896327 -23.708698
-24.370467 -25.821249 -24.910403
-25.393076 -26.192823 -24.092227
-25.486035 -24.333418 -24.915660
-26.062045 -23.781386 -24.356163
-24.416966 -26.544500 -24.266696
-25.584550 -25.100606 -24.746988
-25.003528 -26.299717 -24.465885
-25.500436 -26.324451 -23.751822
-24.363296 -26.970235 -23.322022
-25.115403 -26.593538 -23.961119
-26.483677 -24.333981 -23.627488
-24.922207 -26.752052 -22.738640
-26.367498 -24.983069 -24.065583
-25.851744 -25.813564 -24.178018
-26.571615 -24.310218 -23.245245
-25.460285 -26.326448 -23.695845
-25.817974 -25.592779 -24.727861
-24.819684 -27.256654 -22.969589
-26.202558 -25.291561 -23.863400
-24.614326 -25.813448 -24.798666
-23.344683 -26.984660 -23.552532
-25.408285 -26.617999 -23.748411
-24.229745 -27.297028 -23.458441
-24.754144 -26.863599 -23.715289
-25.427891 -26.196200 -23.843443
-26.162559 -25.423228 -23.820668
-25.811263 -26.085464 -23.389927
-25.838279 -25.161506 -24.587864
-24.403777 -26.698335 -24.110113
-26.424897 -24.769345 -23.866905
-25.851443 -24.727711 -24.484241
-24.772930 -26.734613 -23.989121
-25.024812 -26.727688 -23.192318
-25.524374 -25.196658 -24.791794
-26.533145 -24.002132 -23.706171
-24.092794 -26.221964 -24.779295
-24.796923 -26.797274 -23.812292
-25.908830 -25.362328 -23.979792
-26.333744 -25.097335 -23.973055
-25.938531 -25.115779 -24.358666
-26.278870 -25.152275 -23.982065
-26.192260 -25.176679 -24.199542
-24.843054 -25.777442 -24.780713
-24.435267 -26.080889 -24.751293
-24.022169 -26.803898 -23.931065
-25.957431 -25.952194 -23.597939
-25.096617 -26.722524 -23.687287
-24.495679 -26.577724 -24.138895
-24.764810 -27.311594 -22.978599
-25.112359 -26.587300 -24.059703
-25.907682 -24.880829 -24.367551
-25.398520 -26.170377 -24.181321
-24.832848 -26.822859 -22.865966
-24.891719 -26.772730 -22.864927
-25.592679 -26.219938 -23.452623
-24.507405 -25.964475 -24.601717
-25.469500 -25.251598 -24.800804
-24.817944 -26.101531 -24.540814
-24.904017 -26.965041 -23.588474
-25.267338 -25.809429 -24.709761
-24.745806 -26.217945 -24.690390
-24.969728 -26.885407 -22.427551
-25.749795 -25.834323 -24.532684
-23.846623 -27.156326 -23.443429
-24.743526 -26.883623 -24.252166
-25.363672 -26.341833 -24.355272
-25.885183 -25.726404 -24.331479
-26.370096 -24.507435 -23.309117
-25.085999 -26.742548 -24.224164
-25.542710 -25.867479 -24.359481
-25.023479 -25.817230 -24.821498
-25.850038 -25.995399 -23.863511
-25.435988 -26.338647 -23.532365
-26.193115 -24.452671 -24.304380
-25.879739 -25.748850 -24.242385
-26.012133 -25.180440 -24.578921
-25.557831 -25.929494 -24.206332
-24.408513 -26.923310 -23.845631
-25.352892 -26.369653 -23.961417
-25.407322 -25.975398 -24.560686
-25.223697 -24.987301 -24.869423
-25.035785 -25.089825 -24.885460
-25.148018 -26.786568 -23.713400
-25.917869 -25.646091 -23.364075
-25.430881 -26.475458 -23.958890
-25.708554 -26.074743 -24.089998
-25.807194 -25.620599 -24.334006
-24.561807 -27.077622 -23.348299
-24.189096 -27.015251 -23.415427
-25.817974 -25.592779 -24.727861
-26.304340 -25.246345 -24.236100
-25.869003 -25.767398 -23.049465
-26.454273 -24.482991 -23.890533
-25.602066 -26.149565 -24.111277
-26.311316 -24.942799 -23.548534
-26.379497 -23.934881 -24.055505
-25.780870 -26.071557 -23.267091
-26.146676 -25.366683 -23.180573
-25.434488 -26.583960 -23.609777
-24.066040 -27.064385 -23.873633
-25.909127 -25.264789 -24.621711
-25.441187 -26.140540 -24.339312
-26.608512 -23.687614 -22.328515
-25.088408 -26.616533 -23.986892
-26.133155 -25.572238 -24.083713
-25.291127 -26.213582 -24.446893
-24.426497 -27.102141 -22.720874
-23.388432 -27.250321 -23.509213
-23.926837 -27.220553 -23.334946
-26.515058 -24.393699 -23.833050
-25.260785 -26.653929 -23.158941
-24.740103 -25.118547 -24.899556
-26.162856 -25.325689 -24.462587
-24.138178 -26.947971 -23.724057
-25.454837 -26.134048 -24.393207
-25.837733 -25.810560 -24.150441
-25.524820 -26.379911 -23.380239
-25.384382 -25.752207 -24.602597
-23.715221 -26.916755 -23.926754
-26.054525 -25.660231 -23.177162
-24.233642 -26.974994 -23.440891
-24.535081 -26.412641 -24.295324
-26.664062 -23.540247 -23.657557
-25.542359 -26.184967 -22.698136
-25.527678 -26.281034 -22.896194
-24.293252 -27.145029 -23.167399
-25.476725 -25.694721 -24.340373
-25.347253 -26.333819 -23.841218
-24.948654 -26.354657 -24.474895
-25.436726 -25.826388 -24.297641
-25.462348 -26.183399 -23.367904
-25.859520 -23.783353 -24.235482
-25.554829 -25.617479 -24.088067
-24.978058 -26.205647 -24.211850
-26.336158 -24.659143 -24.097289
-25.860085 -25.432636 -23.891402
-25.464424 -25.859213 -23.720089
-26.041195 -25.271045 -23.596306
-25.452165 -24.480453 -24.775528
-25.970745 -24.577027 -24.167202
-25.484379 -24.923461 -24.658963
-25.849792 -25.005577 -24.589050
-24.466613 -25.264599 -24.878378
-25.756963 -25.949251 -23.511804
-26.302439 -24.895081 -23.497378
-25.826366 -25.668574 -23.291491
-25.441462 -26.051363 -24.033159
-24.225772 -25.348754 -24.762737
-25.407322 -25.975398 -24.560686
-25.980496 -24.954053 -23.968708
-26.144194 -24.754314 -23.770937
-25.464721 -25.761674 -24.362008
-26.012212 -25.731958 -22.731913
-25.146499 -26.663265 -23.532176
-25.544049 -25.645299 -23.694212
-25.494130 -25.300487 -24.460469
-25.019733 -26.076074 -24.409979
-24.833472 -26.747224 -23.047493
-25.996007 -25.463385 -23.736575
-25.525128 -25.864028 -23.709193
-25.786367 -25.800241 -23.248759
-25.850642 -24.593746 -24.332382
-25.304036 -24.996768 -24.628834
-25.792388 -25.531478 -24.426222
-25.071318 -25.432095 -24.729060
-25.397291 -24.535393 -24.784538
-25.820086 -25.564303 -23.848670
-24.582836 -26.430894 -24.157486
-24.772930 -26.734613 -23.989121
-25.848137 -25.644135 -23.124789
-24.370471 -26.133219 -24.488435
-25.112359 -26.587300 -24.059703
-24.595942 -25.319613 -24.836618
-25.293536 -26.087567 -24.209621
-26.185821 -25.055395 -22.719920
-25.471186 -25.820782 -23.892907
-24.388326 -26.939836 -23.397880
-25.526194 -25.703107 -23.596119
-24.881224 -25.128376 -24.897425
-24.794214 -27.162584 -22.715554
-24.061304 -26.839410 -24.138115
-24.093368 -27.239561 -23.258403
-24.698309 -26.930548 -23.728557
-25.355004 -26.338708 -23.066864
-23.902650 -25.313058 -24.917741
-25.911557 -25.161648 -24.103574
-24.291222 -26.420442 -24.407061
-24.416966 -26.544500 -24.266696
-25.553174 -26.256037 -22.623806
-24.082588 -27.267381 -22.864548
-24.822854 -26.767248 -23.584370
-24.650558 -27.127141 -23.079939
-24.550355 -27.170385 -22.827291
-25.486650 -25.859023 -23.892890
-24.516215 -27.094420 -23.354818
-24.892770 -26.602365 -23.691300
-25.639959 -25.568064 -24.228049
-25.932364 -24.983462 -24.002488
-24.529071 -26.742414 -24.100858
-26.391032 -24.604203 -24.088279
-25.496488 -26.259364 -22.840377
-26.067086 -25.677018 -22.722903
-24.059649 -27.475499 -22.658492
-25.914394 -23.728413 -24.226472
-23.643974 -27.531663 -23.089456
-24.329044 -26.004685 -24.737859
-25.841375 -25.680097 -22.936609
-25.586893 -26.020099 -23.223717
-25.849787 -25.317754 -24.227544
-25.146504 -26.351088 -23.893682
-25.130393 -25.220465 -24.685779
-25.586898 -25.707922 -23.585223
-25.504423 -25.727546 -23.762821
-24.344421 -26.416249 -24.358317
-25.056047 -26.311452 -24.209323
-25.304316 -26.059747 -24.603476
-25.498475 -25.647408 -24.454536
-24.819865 -25.841117 -24.657382
-25.655191 -26.006302 -22.179773
-24.588353 -26.978006 -23.205242
-25.434082 -26.299560 -22.432137
-25.112009 -24.726630 -24.723731
-25.037747 -26.685904 -23.374189
-25.807656 -25.916035 -22.336698
-26.045931 -25.496020 -23.331824
-24.644356 -27.039539 -23.280863
-24.662500 -27.036662 -22.568858
-25.311176 -26.410782 -24.396086
-25.838279 -25.161506 -24.587864
-25.045341 -26.861485 -22.989719
-25.415467 -25.293114 -24.856455
-25.085999 -26.742548 -24.224164
-25.120139 -26.818513 -23.696637
-23.375007 -27.433282 -22.699183
-25.517037 -26.595360 -23.906398
-24.439701 -27.382437 -22.428740
-24.408391 -26.928484 -23.859744
-25.096783 -25.838342 -24.621589
-24.535081 -26.412641 -24.295324
-26.016741 -25.332480 -24.255092
-25.267338 -25.809429 -24.709761
-25.171969 -26.757335 -23.786211
-25.436409 -26.650550 -22.404927
-23.411486 -27.064267 -23.194952
-24.901925 -25.727313 -24.779674
-25.867989 -26.209689 -22.478920
-24.775071 -26.980488 -23.576450
-26.270621 -25.482283 -23.636189
-24.052615 -27.247346 -23.063603
-25.122957 -26.777015 -23.097708
-24.743526 -26.883623 -24.252166
-26.304340 -25.246345 -24.236100
-26.492954 -22.405249 -21.800279
-25.794710 -26.194645 -24.037506
-24.798400 -26.828683 -24.243156
-24.777666 -26.959588 -23.724639
-25.646789 -25.918672 -24.575474
-24.655979 -27.024011 -23.384781
-24.395088 -27.106271 -23.035601
-25.760570 -26.118680 -24.565033
-25.496066 -25.773423 -24.691808
-25.003528 -26.299717 -24.465885
-24.948654 -26.354657 -24.474895
-25.843015 -25.386481 -24.323382
-23.717480 -27.292207 -22.671181
-26.133155 -25.572238 -24.083713
-26.162856 -25.325689 -24.462587
-25.807194 -25.620599 -24.334006
-25.363672 -26.341833 -24.355272
-25.901708 -25.973751 -23.078831
-25.618149 -26.314008 -23.706658
-24.467404 -27.103085 -22.212694
-25.871873 -25.886525 -23.622914
-25.850038 -25.995399 -23.863511
-26.474348 -23.148446 -22.350658
-24.956799 -25.672373 -24.770664
-25.369116 -26.319387 -24.444366
-25.387551 -26.748904 -23.229894
-23.467681 -26.963098 -23.590587
-25.884178 -26.071364 -23.335984
-26.463203 -24.293541 -23.030175
-25.817974 -25.592779 -24.727861
-26.410907 -24.789215 -23.558463
-25.879426 -25.511338 -24.242837
-25.430881 -26.475458 -23.958890
-24.154726 -27.150967 -22.714972
-24.717374 -26.981722 -22.559848
-25.752187 -26.319668 -22.454423
-25.609518 -25.607702 -23.990979
-25.573958 -26.061883 -23.041846
-25.660036 -26.613216 -22.451012
-24.170838 -27.042080 -23.459872
-25.574255 -25.964344 -23.683765
-24.827590 -26.992223 -23.319888
-24.115964 -27.097020 -23.468882
-25.966654 -24.584177 -24.370574
-26.276231 -24.391254 -23.347335
-25.313956 -26.645789 -22.828127
-24.914532 -26.521884 -24.161037
-25.600682 -25.612546 -24.272364
-25.833619 -25.987385 -23.349457
-24.899423 -26.569394 -24.089619
-24.058024 -27.188415 -23.420602
-25.933885 -24.846790 -24.228917
-25.198734 -26.769320 -22.019168
-24.799447 -25.083195 -24.646502
-25.368830 -26.590849 -22.819117
-25.148810 -26.736685 -22.423919
-25.434488 -26.583960 -23.609777
-24.511964 -25.136561 -24.713098
-25.027178 -24.023791 -24.833864
-25.716456 -25.540248 -23.385904
-25.476893 -25.228143 -24.298523
-25.320979 -24.674679 -24.665873
-25.747946 -24.922802 -24.027084
-24.983002 -25.638334 -24.632030
-25.687052 -25.689258 -23.648949
-24.699885 -26.061495 -24.411828
-26.181485 -24.892322 -24.167193
-25.143282 -26.561593 -23.977882
-25.249706 -25.354246 -24.391469
-25.226170 -25.248167 -24.465325
-24.038321 -27.268564 -22.458173
-25.924425 -25.168418 -24.002620
-25.148018 -26.786568 -23.713400
-24.955575 -26.884772 -23.065745
-25.283574 -24.722266 -24.628153
-25.516856 -26.178068 -23.882443
-24.848262 -24.259552 -24.726857
-25.942899 -26.302106 -22.696502
-24.082061 -27.190230 -22.550918
-23.448382 -27.308938 -22.947025
-25.650747 -25.247077 -24.289580
-25.964725 -25.288543 -23.780057
-25.499069 -25.045351 -24.519143
-25.245340 -24.984451 -24.678267
-25.701265 -26.252591 -22.749613
-23.794462 -27.276365 -22.569910
-24.572218 -27.155953 -23.430439
-24.681339 -26.977680 -23.536084
-26.176092 -25.846310 -23.321455
-25.430881 -26.475458 -23.958890
-26.524221 -24.169610 -23.417428
-25.927756 -24.831422 -24.326317
-24.025335 -24.814416 -24.919858
-25.187022 -26.483259 -24.070627
-26.182799 -24.541894 -23.704320
-26.221504 -24.645461 -22.426661
-24.882464 -26.937283 -23.310878
-24.892828 -27.029310 -22.799289
-25.197395 -26.210774 -24.406527
-24.798400 -26.828683 -24.243156
-25.710996 -25.227643 -23.939181
-23.758437 -25.499488 -24.821099
-24.507386 -24.701568 -24.740811
-23.739588 -27.331305 -22.578920
-23.682862 -24.955491 -24.947860
-25.578644 -26.350107 -22.877841
-24.816852 -24.688961 -24.766598
-25.926660 -24.403667 -24.689348
-26.209183 -24.925147 -23.589641
-24.844549 -26.624334 -24.098629
-24.511111 -24.616774 -24.946751
-26.055890 -25.080758 -23.817992
-25.742694 -26.150708 -23.562471
-25.708554 -26.074743 -24.089998
-25.573894 -24.507924 -24.865746
-25.366081 -26.215818 -24.118000
-26.192265 -24.864502 -24.561048
-25.447736 -26.450433 -23.422994
-25.436956 -26.478253 -23.029139
-26.196996 -25.401654 -23.935060
-25.646789 -25.918672 -24.575474
-25.852114 -25.668744 -24.200334
-26.123417 -25.656372 -22.851724
-25.397291 -24.535393 -24.784538
-25.636009 -25.946492 -24.181619
-25.901708 -25.973751 -23.078831
-25.578440 -26.398909 -22.802652
-25.975343 -25.863579 -23.373919
-25.384382 -25.752207 -24.602597
-25.833859 -25.942923 -23.600406
-25.125257 -26.327188 -24.556103
-24.775071 -26.980488 -23.576450
-25.783935 -25.910288 -24.005157
-26.162856 -25.325689 -24.462587
-25.154187 -25.312441 -24.784417
-25.235967 -26.539984 -22.830654
-25.215897 -26.633467 -23.350935
-26.697766 -23.480340 -23.331581
-25.413596 -26.374468 -23.950521
-25.187022 -26.483259 -24.070627
-26.167295 -25.648203 -23.556186
-25.867989 -26.209689 -22.478920
-26.683865 -24.138285 -23.674114
-25.363926 -26.229782 -24.329984
-24.724957 -24.776572 -24.792499
-25.710300 -26.020460 -23.710069
-26.726287 -23.917994 -23.250371
-26.133155 -25.572238 -24.083713
-26.817440 -23.590004 -23.144221
-24.602571 -26.432002 -24.263534
-26.304340 -25.246345 -24.236100
-25.291127 -26.213582 -24.446893
-25.817753 -24.500123 -24.754009
-25.550742 -26.366084 -23.380204
-26.333744 -25.097335 -23.973055
-25.884178 -26.071364 -23.335984
-25.232720 -26.580759 -22.756717
-25.415342 -26.320185 -23.570592
-26.395514 -24.941229 -23.849085
-26.014827 -25.729374 -23.483538
-25.739764 -24.394318 -24.756536
-25.589220 -26.371089 -23.196507
-26.788919 -23.152350 -23.225431
-26.692568 -24.153932 -22.650460
-25.352892 -26.369653 -23.961417
-26.151115 -25.689197 -22.274172
-25.817974 -25.592779 -24.727861
-25.659505 -26.291724 -22.907445
-25.934102 -26.103999 -22.931233
-25.363672 -26.341833 -24.355272
-25.702263 -26.287033 -22.859174
-25.238692 -26.461611 -23.285947
-27.000135 -23.970322 -22.382404
-24.461860 -23.872381 -25.107779
-25.374204 -26.501415 -22.530230
-25.807194 -25.620599 -24.334006
-25.402816 -26.402288 -23.556666
-25.749795 -25.834323 -24.532684
-26.486667 -24.613239 -23.742935
-25.304316 -26.059747 -24.603476
-26.488958 -24.526252 -23.110214
-23.814953 -27.169561 -22.344273
-25.301150 -24.658600 -24.981444
-26.548018 -25.153867 -22.845439
-24.260098 -26.573077 -24.291536
-26.108899 -25.999622 -23.076392
-25.090650 -25.921667 -24.697228
-24.157426 -27.028486 -22.316271
-26.678631 -24.518068 -24.069287
-25.218232 -24.802834 -24.737165
-26.338480 -25.322310 -23.708573
-26.429633 -24.994320 -23.602423
-25.500797 -26.310575 -24.065820
-25.899962 -26.028034 -23.458760
-25.171969 -26.757335 -23.786211
-25.832872 -26.122156 -22.616021
-27.019709 -23.421368 -22.860251
-24.242916 -23.686514 -25.195982
-25.539287 -24.102403 -25.006871
-23.571623 -23.857348 -25.249096
-25.158324 -26.451650 -24.093822
-25.555080 -26.295124 -23.724034
-25.953062 -25.573303 -23.969014
-25.085999 -26.742548 -24.224164
-24.772972 -26.826507 -23.739481
-24.667558 -24.990296 -24.991177
-25.929663 -25.781485 -23.837634
-25.397812 -26.417798 -23.827745
-24.805411 -26.700157 -24.055392
-25.517037 -26.595360 -23.906398
-24.770804 -26.294636 -24.196517
-24.551682 -26.639257 -24.214516
-24.613641 -26.394344 -24.068360
-24.462938 -26.841232 -24.083394
-25.459568 -26.671200 -23.767219
-25.518351 -26.244932 -23.443525
-24.916727 -25.082385 -24.779531
-26.005044 -25.617030 -23.752793
-25.117095 -26.812275 -23.795221
-24.750537 -26.755097 -24.064402
-26.682334 -23.432609 -21.560077
-26.659632 -23.813480 -22.228784
-25.959177 -25.897911 -23.218010
-24.774481 -26.293482 -24.354634
-24.510453 -26.999882 -23.915915
-26.706290 -23.178964 -21.300307
-24.982794 -26.430622 -23.947368
-25.291127 -26.213582 -24.446893
-26.396262 -24.852504 -23.359595
-26.338480 -25.322310 -23.708573
-24.830011 -25.476379 -24.793963
-25.041909 -25.893282 -24.630599
-25.739764 -24.394318 -24.756536
-26.488413 -24.558956 -23.363006
-26.196996 -25.401654 -23.935060
-25.841334 -25.696564 -23.806479
-25.028210 -26.354382 -24.195510
-24.225511 -24.080748 -25.075886
-26.057268 -25.468253 -23.475705
-25.486035 -24.333418 -24.915660
-26.203131 -25.733134 -22.749207
-26.676918 -22.893846 -21.625746
-25.275680 -24.564530 -24.727409
-26.099784 -25.430422 -23.840885
-25.384382 -25.752207 -24.602597
-25.822413 -25.915293 -23.821460
-24.306839 -27.023769 -23.751799
-23.661815 -26.568871 -24.273842
-26.425752 -24.045337 -23.971743
-26.343477 -23.562934 -23.980993
-24.345843 -26.720460 -24.109026
-24.861853 -25.137325 -24.788541
-25.466932 -26.145433 -24.287194
-25.083084 -26.299442 -24.186500
-26.304340 -25.246345 -24.236100
-24.105958 -25.788169 -24.675672
-25.817693 -25.977255 -23.444497
-24.496808 -26.694197 -24.223526
-25.194400 -24.681670 -24.910639
-24.428331 -26.435711 -24.224519
-24.712940 -25.680174 -24.882401
-25.760570 -26.118680 -24.565033
-25.846050 -25.681699 -23.638503
-25.943267 -25.340754 -24.094184
-24.247229 -26.853734 -24.025291
-26.519497 -24.716213 -22.926649
-24.940671 -24.620770 -25.069763
-26.669170 -23.866404 -21.663700
-26.110980 -26.026682 -22.745796
-23.569743 -27.034496 -23.646758
-26.488958 -24.526252 -23.110214
-24.622030 -24.883009 -24.924291
-25.326943 -26.291641 -24.074763
-25.223697 -24.987301 -24.869423
-25.808578 -25.408055 -24.208990
-26.046273 -25.256405 -24.051394
-26.451131 -25.222440 -23.106510
-26.601464 -22.970743 -22.914481
-25.472866 -25.079390 -24.657777
-24.472071 -26.357377 -24.317264
-25.770303 -24.584279 -24.572971
-24.956799 -25.672373 -24.770664
-26.562714 -23.793625 -23.014134
-26.605417 -24.940143 -22.646761
-26.164661 -25.425048 -23.210133
-24.715930 -26.349576 -24.205527
-25.972401 -23.986984 -24.423899
-24.400660 -25.675368 -24.892418
-24.266432 -26.310444 -24.360844
-23.095419 -26.188442 -24.481080
-26.515058 -24.393699 -23.833050
-25.807194 -25.620599 -24.334006
-24.769745 -26.068507 -24.619116
-25.794710 -26.194645 -24.037506
-25.130653 -25.691307 -24.761721
-26.798441 -22.885416 -21.303718
-26.695779 -23.162295 -21.532152
-25.833307 -26.427397 -22.614688
-26.551727 -23.870109 -22.847203
-24.829355 -26.238542 -24.345624
-26.362122 -24.776539 -23.887122
-26.040441 -24.603675 -24.678907
-26.082233 -24.996729 -24.119061
-26.480832 -24.975891 -23.485384
-26.131594 -24.275685 -24.572757
-25.524374 -25.196658 -24.791794
-25.335376 -25.320694 -24.597128
-24.940671 -24.620770 -25.069763
-25.495806 -25.302581 -24.615866
-25.838279 -25.161506 -24.587864
-25.685573 -24.841317 -24.593451
-25.559813 -24.763786 -24.840726
-25.311176 -26.410782 -24.396086
-25.760570 -26.118680 -24.565033
-25.408285 -26.617999 -23.748411
-24.400660 -25.675368 -24.892418
-25.584550 -25.100606 -24.746988
-25.881216 -25.435578 -23.825606
-25.726851 -26.354618 -23.965122
-25.322212 -25.754489 -24.700751
-25.926655 -24.715844 -24.327842
-25.955866 -24.905164 -24.309043
-26.057268 -25.468253 -23.475705
-24.800680 -26.163005 -24.681380
-24.979739 -25.895564 -24.728753
-25.251688 -24.188538 -25.025863
-25.374566 -26.853937 -23.148500
-26.194362 -25.178499 -23.589007
-25.652239 -26.453222 -23.279608
-25.935356 -26.030061 -23.499810
-25.078353 -25.762290 -24.812488
-25.869256 -24.929568 -24.526520
-24.678333 -25.274653 -25.023526
-26.046268 -25.681281 -23.807319
-24.512183 -24.325280 -25.158094
-26.695943 -24.010105 -22.198517
-25.851723 -25.790690 -24.458883
-24.958891 -26.910101 -23.579464
-26.117535 -25.411233 -23.185668
-26.316566 -25.103887 -22.581480
-26.083929 -25.511221 -22.914117
-24.530345 -26.187666 -24.559806
-25.158946 -26.197963 -24.453653
-25.415467 -25.293114 -24.856455
-25.646509 -24.855693 -24.600832
-24.413569 -24.458554 -25.074359
-26.513764 -24.628933 -22.512659
-25.306084 -24.702886 -24.999850
-25.043746 -25.356769 -24.953613
-26.685946 -24.165345 -23.343518
-25.003528 -26.299717 -24.465885
-25.803507 -26.392752 -23.802775
-25.847378 -25.443769 -24.464816
-24.871544 -26.601339 -24.072856
-24.271260 -26.924819 -23.108414
-24.169710 -24.466355 -25.186096
-24.034787 -26.859154 -23.591005
-26.264573 -25.164397 -23.460912
-24.701273 -25.497844 -24.981615
-24.798400 -26.828683 -24.243156
-25.969496 -26.106026 -22.972283
-25.933039 -24.942018 -24.132601
-25.217340 -24.904861 -24.868728
-25.393076 -26.192823 -24.092227
-26.076840 -25.950717 -23.273323
-24.338977 -26.438695 -24.269223
-26.508530 -25.008716 -22.907832
-25.223809 -24.220483 -25.009100
-26.655248 -24.549589 -22.286172
-26.132875 -24.509259 -24.109071
-24.251879 -25.789946 -24.812668
-26.333744 -25.097335 -23.973055
-25.091881 -26.497549 -23.951769
-25.065293 -26.455788 -23.980409
-23.928787 -27.065894 -23.136416
-25.967005 -24.622865 -24.218281
-26.099784 -25.430422 -23.840885
-25.049357 -23.431658 -25.031250
-24.958204 -23.759648 -25.137400
-24.806661 -26.697282 -23.637031
-26.726641 -23.625861 -23.255863
-25.359190 -26.004807 -24.594466
-24.335860 -25.415728 -25.051528
-25.957194 -24.905805 -24.144277
-23.252893 -23.479539 -25.239914
-26.225413 -25.431877 -22.687630
-26.678631 -24.518068 -24.069287
-25.784087 -26.173229 -22.821385
-25.813788 -25.926680 -23.200259
-25.855017 -25.566055 -23.498860
-25.264002 -26.755601 -22.713235
-25.914736 -25.831239 -22.968939
-25.434098 -26.577130 -23.513184
-25.072038 -26.850772 -22.386883
-25.797618 -25.779779 -23.697538
-23.835805 -24.642172 -25.057877
-24.848327 -26.811765 -23.144199
-25.325767 -26.911672 -22.227759
-26.295423 -25.043094 -23.334486
-26.278870 -25.152275 -23.982065
-25.739836 -26.249585 -24.046516
-26.300657 -24.663311 -22.939313
-24.658066 -25.735114 -24.891411
-25.569740 -26.428056 -23.246567
-24.647286 -25.762934 -24.497556
-24.837954 -27.084250 -22.808299
-25.120346 -26.720158 -23.077620
-25.983912 -25.452000 -23.842588
-25.214681 -26.669071 -23.082980
-24.283858 -26.946209 -23.887086
-25.359486 -26.675734 -22.827670
-24.409585 -25.774340 -24.675934
-23.801103 -27.242071 -22.736048
-24.722472 -26.681927 -23.662178
-23.975479 -26.483012 -24.097511
-25.107459 -26.067159 -24.276884
-26.056106 -26.081622 -22.754806
-24.776189 -26.928179 -23.293775
-24.667558 -24.990296 -24.991177
-25.558960 -26.455876 -22.852712
-25.071147 -26.628454 -23.433252
-26.045677 -25.608071 -23.357112
-25.631505 -26.584127 -22.761091
-25.750368 -26.409167 -22.221474
-25.290442 -26.541687 -23.877569
-24.623459 -25.329593 -25.032536
-25.338202 -26.247763 -24.101237
-25.080878 -25.603506 -24.622820
-24.250497 -26.949969 -22.904995
-23.732799 -24.726521 -25.100667
-24.707990 -25.767749 -24.486660
-24.817618 -24.917254 -24.883596
-25.104072 -26.252903 -24.462663
-25.327422 -26.275583 -23.707382
-25.973132 -25.479820 -23.448733
-24.699533 -26.890045 -23.456122
-25.168935 -24.275423 -25.018110
-26.190773 -25.750243 -23.123397
-25.790849 -26.137267 -23.009565
-24.320838 -26.680105 -23.716899
-26.600374 -24.604529 -22.295182
-23.248348 -24.507891 -25.154573
-25.620139 -25.659920 -24.349776
-25.146229 -26.440265 -24.199835
-26.512436 -24.628292 -22.677425
-23.948083 -24.061331 -25.211695
-25.174133 -25.142131 -24.778524
-25.950193 -25.687938 -23.242677
-26.631072 -24.220285 -23.352528
-24.910092 -26.967836 -22.658723
-26.428803 -24.388921 -23.636498
-23.506100 -24.760220 -25.065583
-26.245151 -25.388213 -23.382154
-24.733252 -26.654107 -24.056033
-24.749219 -25.407124 -24.785261
-25.209379 -24.637917 -24.800575
-25.164704 -24.616042 -24.893271
-24.702165 -25.395817 -24.850052
-25.820550 -25.890718 -23.388439
-25.573894 -24.507924 -24.865746
-25.057934 -26.669378 -23.821940
-24.380393 -26.135829 -24.760303
-26.011958 -25.844009 -22.757201
-26.137386 -25.231619 -24.208552
-25.788273 -25.839328 -24.348987
-24.338177 -25.520830 -24.971729
-25.766172 -26.252748 -23.129682
-24.357337 -24.233656 -25.077248
-25.817974 -25.592779 -24.727861
-24.519424 -25.818788 -24.482977
-25.842428 -25.531344 -24.069075
-24.948654 -26.354657 -24.474895
-25.841334 -25.696564 -23.806479
-25.046799 -26.403984 -24.380285
-25.115403 -26.593538 -23.961119
-25.291127 -26.213582 -24.446893
-25.701381 -26.260548 -23.711087
-25.468936 -26.627619 -22.596644
-26.151784 -25.138871 -23.788319
-25.125257 -26.327188 -24.556103
-25.749795 -25.834323 -24.532684
-24.843010 -26.710770 -23.492287
-24.003603 -27.267026 -22.375100
-25.329953 -26.577771 -23.755361
-26.100205 -25.742325 -22.713447
-25.507351 -26.457960 -23.775139
-25.788273 -25.839328 -24.348987
-26.056106 -26.081622 -22.754806
-25.850459 -26.307302 -22.736073
-25.121071 -26.661089 -23.028501
-25.829123 -25.717948 -23.864888
-25.351237 -27.005742 -22.481794
-25.496061 -26.085600 -24.330302
-24.390352 -26.881296 -23.300083
-24.191106 -27.044223 -23.105838
-25.706117 -26.485523 -23.446605
-26.300025 -25.333273 -23.373144
-25.686379 -26.529187 -22.752081
-25.399958 -26.501165 -24.040711
-25.081813 -27.076449 -22.696562
-24.603146 -26.672003 -23.746573
-25.068083 -26.831955 -23.106718
-26.410907 -24.789215 -23.558463
-24.450843 -26.829847 -24.189407
-26.284147 -24.615443 -23.938759
-25.369880 -26.565713 -23.312505
-25.496066 -25.773423 -24.691808
-25.847378 -25.443769 -24.464816
-24.745801 -26.530122 -24.328884
-25.810494 -26.151315 -24.160282
-25.353832 -26.984842 -22.629983
-24.353554 -25.932394 -24.592187
-26.350671 -25.012457 -22.669675
-25.845723 -26.082327 -23.000555
-25.883560 -25.641720 -23.396945
-26.181485 -24.892322 -24.167193
-25.363672 -26.341833 -24.355272
-26.338480 -25.322310 -23.708573
-25.847378 -25.443769 -24.464816
-26.333744 -25.097335 -23.973055
-25.223697 -24.987301 -24.869423
-25.817974 -25.592779 -24.727861
-26.192265 -24.864502 -24.561048
-24.670372 -25.007709 -24.955373
-25.364093 -26.653736 -23.227834
-25.850038 -25.995399 -23.863511
-25.023479 -25.817230 -24.821498
-24.914278 -26.633935 -24.186325
-25.393076 -26.192823 -24.092227
-26.425752 -24.045337 -23.971743
-25.646789 -25.918672 -24.575474
-25.708554 -26.074743 -24.089998
-24.504769 -26.974452 -22.217347
-25.910503 -25.355326 -24.219466
-25.080878 -25.603506 -24.622820
-25.481371 -25.963710 -24.470122
-26.202558 -25.291561 -23.863400
-23.545434 -26.920994 -22.653923
-25.057934 -26.669378 -23.821940
-25.922676 -26.022922 -23.480127
-25.851744 -25.813564 -24.178018
-25.749795 -25.834323 -24.532684
-25.408285 -26.617999 -23.748411
-26.163277 -25.637592 -23.335149
-26.131594 -24.275685 -24.572757
-24.958891 -26.910101 -23.579464
-25.992162 -24.751420 -24.613242
-25.726851 -26.354618 -23.965122
-26.454273 -24.482991 -23.890533
-26.412046 -24.809174 -23.482371
-25.559813 -24.763786 -24.840726
-25.929663 -25.781485 -23.837634
-23.629733 -23.831959 -25.013251
-23.894319 -26.955772 -23.835794
-24.760074 -27.086619 -23.243081
-25.304316 -26.059747 -24.603476
-24.240118 -27.024543 -23.794341
-23.415964 -25.640563 -24.849101
-24.291222 -26.420442 -24.407061
-25.270597 -26.295685 -24.003565
-25.955866 -24.905164 -24.309043
-25.003528 -26.299717 -24.465885
-24.092794 -26.221964 -24.779295
-24.229745 -27.297028 -23.458441
-23.309244 -24.508039 -25.052305
-25.656129 -25.714965 -23.730770
-24.993267 -26.630823 -23.868034
-25.143431 -26.815438 -22.878387
-26.055057 -25.084494 -23.550519
-25.820383 -25.466764 -24.490589
-24.743526 -26.883623 -24.252166
-25.873607 -25.738205 -23.378824
-25.104087 -25.169482 -24.870717
-26.415391 -23.792085 -23.076077
-25.473846 -26.372412 -23.291602
-26.221636 -24.890325 -24.223170
-24.593089 -27.202981 -22.940760
-25.817974 -25.592779 -24.727861
-25.956347 -25.201482 -23.026562
-25.348415 -25.720450 -24.562117
-25.791103 -26.025216 -22.984277
-25.208467 -25.859558 -24.710800
-25.076073 -26.427968 -24.374264
-25.524374 -25.196658 -24.791794
-25.262868 -26.541396 -23.705349
-25.895658 -26.099204 -23.806186
-25.297008 -26.617361 -23.177822
-24.798400 -26.828683 -24.243156
-24.509326 -25.704061 -24.718285
-22.437861 -23.797821 -25.193552
-25.771102 -26.278262 -22.739991
-25.550742 -26.366084 -23.380204
-25.372723 -26.427889 -24.095253
-25.845561 -25.346196 -24.464211
-24.414792 -26.877303 -22.991069
-24.259268 -24.492035 -24.958221
-26.192260 -25.176679 -24.199542
-26.040441 -24.603675 -24.678907
-25.346501 -26.780767 -22.746276
-26.391032 -24.604203 -24.088279
-25.959067 -25.632475 -23.574589
-25.515308 -26.525353 -22.587340
-25.496066 -25.773423 -24.691808
-25.726851 -26.354618 -23.965122
-26.245647 -25.695303 -23.114387
-25.873992 -25.154543 -24.262038
-25.799719 -25.866958 -24.127933
-25.291127 -26.213582 -24.446893
-25.001873 -26.935806 -22.986262
-25.057934 -26.669378 -23.821940
-25.914587 -25.577394 -24.068434
-25.885183 -25.726404 -24.331479
-25.115403 -26.593538 -23.961119
-24.888329 -26.555923 -24.299671
-25.739764 -24.394318 -24.756536
-25.398520 -26.170377 -24.181321
-25.085999 -26.742548 -24.224164
-24.628959 -26.054392 -24.643541
-26.279847 -24.526340 -24.001690
-25.120139 -26.818513 -23.696637
-25.101145 -25.143045 -24.754935
-25.559813 -24.763786 -24.840726
-26.134861 -25.390403 -24.398220
-25.847378 -25.443769 -24.464816
-26.361463 -25.104920 -23.115564
-25.760570 -26.118680 -24.565033
-26.327323 -25.028955 -23.643091
-25.352892 -26.369653 -23.961417
-25.384382 -25.752207 -24.602597
-25.674835 -26.310681 -23.490087
-26.192265 -24.864502 -24.561048
-25.923712 -26.188132 -22.998028
-25.197395 -26.210774 -24.406527
-25.517037 -26.595360 -23.906398
-23.879650 -26.296787 -24.568912
-25.794710 -26.194645 -24.037506
-25.884886 -25.823943 -23.689560
-24.512183 -24.325280 -25.158094
-26.678631 -24.518068 -24.069287
-24.408513 -26.923310 -23.845631
-23.313480 -24.859777 -24.914518
-25.916950 -26.224094 -22.809848
-23.587241 -27.191750 -22.754907
-25.388628 -25.089679 -24.688339
-25.867026 -26.191459 -23.214599
-24.393051 -25.465890 -24.962719
-26.162559 -25.423228 -23.820668
-25.957431 -25.952194 -23.597939
-25.520052 -26.447247 -22.600087
-24.803051 -26.007802 -24.716220
-24.882464 -26.937283 -23.310878
-26.271786 -25.515259 -22.526364
-25.081517 -26.405522 -24.463358
-24.582591 -26.883468 -23.766339
-24.404031 -26.586284 -24.084825
-25.136687 -27.021509 -22.687552
-25.779199 -25.685313 -24.269639
-26.139620 -25.631346 -23.614612
-25.031985 -26.591366 -23.935286
-26.201385 -25.787417 -23.129136
-26.323008 -25.115883 -22.780135
-24.057699 -27.093572 -22.352565
-25.651693 -26.279739 -23.064607
-24.306839 -27.023769 -23.751799
-26.678631 -24.518068 -24.069287
-26.391032 -24.604203 -24.088279
-25.844634 -26.227280 -23.632755
-25.810494 -26.151315 -24.160282
-26.181485 -24.892322 -24.167193
-25.419804 -26.598348 -22.907754
-25.914587 -25.577394 -24.068434
-25.228480 -25.751681 -24.660385
-26.356727 -24.879945 -23.380046
-25.724498 -24.961498 -24.598305
-25.517037 -26.595360 -23.906398
-25.074922 -26.865438 -23.173028
-24.584857 -24.643372 -24.893970
-25.760570 -26.118680 -24.565033
-26.192265 -24.864502 -24.561048
-25.869256 -24.929568 -24.526520
-25.363672 -26.341833 -24.355272
-25.446032 -24.563778 -24.851167
-24.735880 -25.903365 -24.840490
-25.251947 -25.310382 -24.727603
-24.388326 -26.939836 -23.397880
-25.103559 -24.704853 -24.879169
-23.640840 -27.237093 -22.809175
-25.760570 -26.118680 -24.565033
-25.594420 -25.169307 -24.699601
-25.363672 -26.341833 -24.355272
-24.770228 -25.187042 -24.997625
-24.066040 -27.064385 -23.873633
-25.558539 -26.143973 -23.980150
-25.397812 -26.417798 -23.827745
-25.021199 -26.482908 -24.383274
-25.624614 -26.373116 -23.237557
-24.743526 -26.883623 -24.252166
-26.193115 -24.452671 -24.304380
-25.879163 -25.031400 -24.251172
-26.024824 -25.906780 -22.798288
-25.130653 -25.691307 -24.761721
-25.811263 -26.085464 -23.389927
-25.590474 -26.297151 -23.765084
-25.359486 -26.675734 -22.827670
-26.571277 -24.864178 -23.174288
-26.221636 -24.890325 -24.223170
-24.750537 -26.755097 -24.064402
-25.010419 -26.510728 -23.989419
-26.113119 -25.677667 -23.176183
-24.918312 -26.795004 -23.186943
-26.019900 -25.025713 -24.436998
-25.003528 -26.299717 -24.465885
-26.454818 -24.450287 -23.637741
-25.784087 -26.173229 -22.821385
-26.600681 -24.715168 -22.911243
-26.278870 -25.152275 -23.982065
-25.420640 -26.725065 -22.261481
-25.057934 -26.669378 -23.821940
-25.441187 -26.140540 -24.339312
-25.958300 -25.509766 -24.067372
-25.042483 -26.910879 -23.109707
-25.807194 -25.620599 -24.334006
-24.795017 -26.810178 -23.570557
-25.517037 -26.595360 -23.906398
-26.167295 -25.648203 -23.556186
-25.889622 -26.048918 -23.425078
-24.656203 -27.093705 -23.247331
-26.110731 -25.755660 -23.172714
-25.096617 -26.722524 -23.687287
-24.510453 -26.999882 -23.915915
-24.512608 -26.985918 -23.703931
-25.884886 -25.823943 -23.689560
-25.107283 -27.170519 -22.950597
-25.794710 -26.194645 -24.037506
-26.333744 -25.097335 -23.973055
-24.745801 -26.530122 -24.328884
-26.133155 -25.572238 -24.083713
-25.760570 -26.118680 -24.565033
-24.517344 -27.210893 -23.439449
-26.108899 -25.999622 -23.076392
-24.822675 -26.638683 -23.914826
-24.750537 -26.755097 -24.064402
-25.531884 -26.668014 -22.944312
-25.272069 -26.346581 -24.083773
-25.789760 -26.282220 -23.641765
-25.458630 -26.962537 -22.216222
-25.366942 -26.159974 -24.117495
-25.657683 -26.430776 -23.368702
-26.338480 -25.322310 -23.708573
-25.256302 -26.465722 -24.405096
-24.764810 -27.311594 -22.978599
-25.810915 -26.463218 -23.032844
-25.384956 -26.769804 -23.081705
-25.909127 -25.264789 -24.621711
-25.736303 -26.561822 -22.347330
-24.724739 -25.434233 -24.609577
-24.208672 -26.027216 -24.722464
-24.800680 -26.163005 -24.681380
-24.702165 -25.395817 -24.850052
-26.644912 -24.754006 -23.469376
-24.938415 -25.178538 -24.808616
-24.801475 -24.277397 -25.146140
-25.613070 -26.154610 -23.975563
-25.739764 -24.394318 -24.756536
-25.291127 -26.213582 -24.446893
-25.674835 -26.310681 -23.490087
-26.454818 -24.450287 -23.637741
-25.817974 -25.592779 -24.727861
-23.742380 -27.129070 -23.123586
-26.322969 -24.812978 -23.940706
-25.040782 -26.789473 -23.700555
-25.343148 -26.560214 -23.070101
-25.085999 -26.742548 -24.224164
-26.381021 -25.594046 -21.787077
-26.647581 -23.941228 -23.219035
-25.726505 -26.289033 -22.705407
-25.443388 -26.712194 -22.485205
-25.898368 -25.315483 -23.946991
-26.411719 -25.209802 -22.844423
-26.099436 -25.808176 -23.483802
-26.193115 -24.452671 -24.304380
-26.024824 -25.906780 -22.798288
-25.860911 -25.866851 -23.965603
-25.329953 -26.577771 -23.755361
-26.347277 -25.520417 -23.473842
-25.060031 -26.983375 -22.849899
-26.012133 -25.180440 -24.578921
-25.760570 -26.118680 -24.565033
-24.745801 -26.530122 -24.328884
-25.369116 -26.319387 -24.444366
-24.731231 -25.153044 -24.930329
-26.133155 -25.572238 -24.083713
-25.081517 -26.405522 -24.463358
-23.372732 -27.325341 -22.918294
-24.164932 -26.105550 -24.629719
-26.304340 -25.246345 -24.236100
-25.817974 -25.592779 -24.727861
-25.788273 -25.839328 -24.348987
-23.541870 -27.282484 -22.398848
-25.850038 -25.995399 -23.863511
-24.743526 -26.883623 -24.252166
-25.125257 -26.327188 -24.556103
-25.088408 -26.616533 -23.986892
-25.606505 -26.472079 -23.204876
-24.313730 -27.234780 -23.275333
-24.656203 -27.093705 -23.247331
-25.081813 -27.076449 -22.696562
-25.544740 -26.316008 -23.690352
-25.459568 -26.671200 -23.767219
-25.613070 -26.154610 -23.975563
-25.899962 -26.028034 -23.458760
-25.117095 -26.812275 -23.795221
-24.092794 -26.221964 -24.779295
-25.399958 -26.501165 -24.040711
-25.646789 -25.918672 -24.575474
-24.408391 -26.928484 -23.859744
-26.354264 -25.278980 -23.831349
-25.223697 -24.987301 -24.869423
-24.614326 -25.813448 -24.798666
-25.466932 -26.145433 -24.287194
-26.167295 -25.648203 -23.556186
-24.058187 -25.816443 -24.920420
-25.742694 -26.150708 -23.562471
-25.090650 -25.921667 -24.697228
-25.360819 -26.743405 -22.987490
-25.045518 -27.014448 -23.436073
-24.832540 -26.904648 -23.715629
