-18.006781 -18.665670 -18.496928
-19.620347 -16.980603 -19.623449
-16.343588 -15.782975 -22.111255
-16.135905 -19.087214 -20.639647
-16.744398 -19.357765 -19.764347
-19.130328 -16.248728 -21.013582
-17.473513 -19.174617 -19.097180
-17.318528 -18.875967 -20.148094
-18.786849 -18.200773 -18.618343
-19.110937 -15.999555 -21.294967
-17.979124 -16.366116 -21.987979
-18.762880 -18.098943 -18.859628
-16.675610 -17.489042 -21.813569
-19.416908 -17.121305 -19.493729
-17.136923 -19.145663 -20.020584
-19.267206 -16.760468 -20.617392
-18.494957 -16.480996 -21.580012
-18.677631 -15.962897 -21.631238
-16.897436 -17.141102 -22.073297
-18.570613 -18.122507 -19.226420
-17.099965 -18.333429 -21.182049
-16.277017 -18.137933 -21.327588
-16.788735 -17.848846 -21.786217
-19.542948 -17.634046 -18.981043
-17.814234 -18.910889 -19.942647
-19.530035 -16.680526 -20.768547
-18.757177 -17.756509 -19.984783
-16.408969 -19.356484 -20.170032
-18.772406 -17.899602 -19.789632
-16.508695 -18.838950 -20.816021
-18.288944 -18.425550 -19.172806
-17.002471 -19.314651 -20.431390
-18.458736 -18.132592 -19.646744
-16.889346 -18.954847 -20.458742
-17.417888 -18.517973 -21.134285
-17.610758 -17.555088 -21.422527
-18.347502 -18.401942 -19.342395
-18.431930 -16.896816 -21.496589
-19.137854 -16.679617 -20.873558
-17.869970 -19.011819 -19.333978
-16.488190 -17.509088 -21.828422
-17.562659 -18.304657 -20.858613
-17.517245 -18.461711 -20.745916
-17.013562 -16.824184 -21.910365
-18.324504 -17.988580 -21.082930
-18.874099 -16.571109 -21.550795
-18.974083 -17.111999 -20.706649
-18.730893 -17.345176 -21.168068
-18.954692 -16.862826 -20.988034
-17.890928 -18.276882 -20.613852
-19.077006 -16.847678 -20.706190
-18.276690 -18.595907 -20.332374
-16.985840 -18.119977 -21.526233
-18.004422 -18.842831 -18.923172
-17.512265 -16.570477 -21.951201
-18.378831 -16.797914 -21.742944
-18.780288 -17.585630 -20.200256
-17.764002 -17.368539 -21.865040
-19.329433 -16.858968 -20.570825
-18.319788 -18.266208 -20.026601
-17.980238 -17.446805 -21.256963
-18.770065 -17.202945 -20.779724
-17.644443 -18.551911 -20.661342
-19.096729 -16.643868 -21.104818
-17.005527 -18.750798 -20.287287
-18.164308 -18.067071 -20.485301
-18.256185 -17.266045 -21.344775
-17.765715 -18.715962 -19.999320
-18.371283 -17.260401 -21.242910
-18.403015 -18.193940 -19.409153
-18.817693 -18.041431 -19.472138
-18.029856 -18.236059 -20.896107
-17.375042 -17.575077 -21.674979
-17.704959 -18.836833 -20.148697
-17.504357 -19.015275 -19.950975
-18.618882 -18.066061 -20.464404
-17.983548 -17.306824 -21.598901
-17.819030 -18.605223 -20.385044
-19.555836 -17.080482 -19.775984
-18.412430 -16.402774 -21.651708
-17.005792 -17.668696 -21.637348
-18.212827 -18.261998 -20.428628
-18.675283 -17.947016 -20.818355
-18.842681 -17.583711 -20.284370
-18.084183 -17.045393 -21.556121
-19.373790 -17.543797 -20.461614
-17.650877 -17.008735 -21.892392
-17.842434 -18.081462 -20.949601
-18.866452 -17.830565 -19.778733
-17.401064 -18.665760 -20.917371
-18.154847 -16.890263 -21.499735
-17.880128 -17.051621 -21.702108
-18.967070 -17.959709 -19.463218
-17.723883 -17.914892 -21.395175
-17.811893 -18.214232 -20.932739
-17.743274 -18.164065 -21.113790
-17.753718 -18.625967 -20.455292
-18.099571 -18.262541 -20.560630
-18.103552 -18.187942 -20.634678
-19.077338 -16.394695 -21.386203
-17.471031 -15.827284 -21.986556
-19.435565 -17.375517 -18.199741
-17.002471 -19.314651 -20.431390
-19.898007 -16.499909 -19.725306
-15.725703 -16.917453 -22.377454
-18.524630 -16.273324 -21.406205
-19.834158 -16.726626 -18.685722
-19.716879 -16.792669 -18.938835
-18.819585 -17.856958 -18.484786
-15.779599 -17.100303 -22.191716
-16.389578 -19.107311 -20.451417
-16.163267 -17.117274 -22.140806
-18.441264 -18.270844 -19.088740
-17.439860 -18.804952 -20.389572
-16.273829 -16.698787 -22.310765
-19.497055 -17.325961 -19.665569
-18.055978 -18.389476 -20.247390
-19.636909 -17.017563 -19.330128
-18.883434 -17.630241 -19.524370
-16.560411 -16.770781 -22.093082
-16.549774 -19.028820 -21.049046
-18.077811 -18.326633 -19.232397
-18.754485 -17.986257 -19.890649
-17.742757 -18.674063 -19.445481
-16.441073 -18.101504 -21.667726
-16.725519 -18.659591 -21.200860
-17.810069 -18.518882 -21.029274
-19.156369 -16.319245 -20.986889
-16.754866 -16.619996 -22.270539
-17.340548 -18.380838 -21.430016
-18.614767 -17.662094 -21.331000
-18.235625 -17.571981 -21.360217
-18.111749 -17.219962 -21.805508
-18.195669 -16.981123 -21.857420
-17.921526 -18.558464 -20.658196
-18.751295 -16.403484 -21.169065
-16.941955 -19.029729 -20.944035
-17.237128 -18.125635 -21.533223
-17.053966 -18.308844 -21.647699
-19.348933 -17.353010 -20.415706
-19.234862 -17.584620 -20.179359
-16.522857 -18.348758 -21.470455
-17.480266 -18.705001 -19.989665
-17.447712 -18.774661 -20.089743
-18.398331 -17.291956 -21.587825
-18.320119 -17.909573 -21.144177
-19.239712 -16.567653 -20.933798
-17.566281 -17.684993 -21.741047
-18.963805 -16.961090 -20.829669
-18.452435 -18.226678 -20.484188
-17.857057 -18.058299 -21.121482
-16.818030 -17.444664 -22.059643
-19.130437 -16.493597 -21.139848
-19.087866 -17.006233 -20.714341
-18.664839 -17.729136 -20.558691
-19.895648 -16.677070 -20.151550
-18.620033 -18.155245 -20.301455
-17.680102 -18.646046 -20.102789
-18.647550 -17.096768 -21.221159
-16.837530 -17.938706 -21.904524
-16.168009 -17.832234 -22.137341
-16.981585 -17.704829 -21.731540
-17.138534 -16.636967 -22.219629
-18.128691 -18.194582 -20.576175
-16.395224 -17.023925 -22.144637
-19.695046 -16.855512 -19.953828
-17.974336 -17.992256 -20.868369
-18.798548 -17.729180 -20.022310
-18.562287 -17.813487 -20.383141
-19.549535 -17.174568 -20.613428
-19.692986 -16.366237 -20.421145
-17.390971 -17.837911 -21.555694
-19.296453 -17.504403 -19.467847
-18.454571 -17.740585 -20.733371
-19.018626 -17.506354 -20.787436
-19.262353 -17.411422 -20.170580
-17.816527 -16.891010 -21.886637
-17.197172 -17.534777 -22.030426
-17.861320 -17.951520 -21.095267
-18.831528 -17.083745 -21.125288
-18.328510 -16.641613 -21.599796
-18.432319 -17.780123 -20.898674
-18.881075 -17.807402 -19.950614
-18.092249 -16.725920 -21.960627
-17.620796 -18.142606 -21.482313
-18.726967 -17.532644 -21.085497
-16.893770 -18.387335 -21.050070
-18.553883 -18.164699 -19.692927
-17.949043 -17.499987 -21.577900
-17.115490 -17.781893 -21.614676
-19.580975 -17.087122 -19.717481
-18.934132 -17.168762 -21.003476
-17.464286 -18.601565 -20.753466
-17.507671 -17.782802 -21.509665
-17.201698 -17.461635 -22.008733
-17.529345 -18.557555 -20.763207
-17.640462 -18.626510 -20.587294
-19.047148 -17.209498 -20.776578
-18.960880 -17.164596 -20.869122
-18.004053 -18.636686 -20.586500
-16.489931 -16.558197 -22.465900
-16.337823 -19.192922 -18.922397
-19.675820 -16.076546 -20.132612
-19.863385 -16.369202 -18.558004
-15.904517 -19.156264 -19.258668
-19.435565 -17.375517 -18.199741
-16.254009 -18.652258 -20.790411
-19.830472 -16.346158 -18.816940
-19.789450 -16.815465 -19.678209
-16.553095 -17.382865 -22.255004
-16.759578 -19.096231 -19.668903
-16.839677 -17.454859 -22.037321
-19.076222 -16.114589 -20.815049
-19.781348 -17.292834 -18.475549
-19.834158 -16.726626 -18.685722
-19.840956 -16.544950 -18.489409
-17.488003 -16.934752 -22.364219
-19.380373 -17.265564 -19.519759
-18.708803 -16.899439 -21.107806
-17.268107 -18.765000 -20.717274
-18.949132 -17.696009 -19.368671
-17.120435 -18.624032 -21.152823
-17.037899 -18.834239 -20.383546
-19.719903 -17.046299 -19.999736
-17.580840 -17.551748 -21.979516
-19.240289 -16.080406 -21.038801
-17.365968 -18.500834 -20.725202
-16.544373 -18.894307 -20.274901
-18.818024 -17.684796 -20.589714
-17.867422 -17.623742 -21.761833
-19.565112 -17.214568 -19.083626
-17.243805 -18.980342 -20.136311
-17.591477 -18.483998 -19.818613
-16.957665 -17.801253 -21.891965
-18.402646 -17.987795 -21.072481
-16.526181 -19.123326 -19.924917
-16.436268 -18.389056 -21.364147
-19.364739 -17.008856 -20.325558
-19.003451 -16.651960 -21.294629
-16.604593 -18.797581 -20.719817
-19.165368 -17.774275 -18.760594
-17.949949 -17.701964 -21.690137
-16.262934 -18.995802 -20.418386
-18.358737 -18.192622 -19.160436
-17.468829 -18.272633 -21.275852
-19.344137 -17.658676 -19.973309
-18.033537 -17.837579 -21.361860
-19.164137 -17.187298 -20.127836
-16.947986 -18.099969 -21.822776
-18.320119 -17.909573 -21.144177
-19.474055 -17.062416 -19.579409
-18.915728 -17.103493 -20.811996
-18.359480 -18.023590 -19.286011
-17.729836 -17.945158 -21.412944
-17.983548 -17.306824 -21.598901
-17.979595 -18.102509 -19.189653
-17.821169 -18.348318 -20.240381
-17.248716 -18.515827 -20.998659
-18.166710 -17.123615 -21.484425
-17.622321 -18.324656 -20.672408
-18.556957 -17.338019 -20.888349
-17.653436 -18.192975 -20.625510
-18.468755 -18.097646 -19.079961
-19.365970 -17.595833 -18.958316
-18.002365 -17.221092 -21.517014
-17.808864 -18.651448 -19.047587
-17.019439 -17.724837 -21.434997
-18.220516 -17.323640 -21.193978
-17.778795 -18.089457 -20.549542
-17.256693 -18.426778 -20.931252
-17.969060 -18.572957 -19.645216
-17.981948 -18.019393 -20.440157
-16.815410 -18.479169 -21.334930
-17.201698 -17.461635 -22.008733
-18.127309 -16.686210 -21.513987
-17.781346 -18.197835 -20.242435
-18.298094 -17.273271 -21.352648
-17.467715 -17.191944 -22.006868
-18.198201 -17.468632 -21.220331
-18.639484 -17.416241 -20.816653
-18.634130 -16.915648 -21.470200
-19.127901 -17.580410 -20.581386
-19.082841 -17.696053 -18.832290
-19.112672 -17.437317 -20.776537
-16.595896 -19.149808 -19.589440
-18.104260 -17.052188 -21.506005
-18.565929 -17.220523 -21.405092
-17.751673 -18.405507 -20.416242
-18.545852 -17.213728 -21.455208
-18.190473 -17.510878 -21.303091
-19.456148 -16.937791 -20.676973
-17.903536 -18.345138 -19.645257
-17.593659 -18.449524 -19.653585
-19.018626 -17.506354 -20.787436
-18.643170 -17.796709 -20.685435
-17.816061 -18.082801 -20.722353
-19.047148 -17.209498 -20.776578
-19.453978 -17.055621 -19.629525
-18.675204 -17.294579 -21.199042
-17.973352 -17.751610 -21.361885
-19.870043 -17.107182 -19.115448
-19.445310 -16.214078 -20.342962
-16.069933 -17.157283 -22.202456
-19.267716 -17.689276 -18.235034
-17.473513 -19.174617 -19.097180
-16.684762 -16.586658 -22.080360
-16.187361 -18.739838 -21.481769
-18.702929 -18.439612 -18.566431
-16.467990 -18.781566 -21.246317
-19.577826 -16.823055 -20.034225
-19.442951 -16.391239 -20.769206
-19.611572 -17.181412 -19.167315
-19.215338 -17.653142 -18.255090
-18.417694 -16.545510 -21.727025
-18.818024 -17.684796 -20.589714
-17.844018 -18.147503 -21.197276
-16.973787 -18.499925 -20.830213
-18.004422 -18.842831 -18.923172
-17.340461 -16.860552 -21.900943
-16.549774 -19.028820 -21.049046
-17.633709 -19.096126 -19.694809
-19.183306 -18.037975 -18.855141
-17.099803 -17.630539 -22.019742
-19.293750 -17.327397 -19.049990
-18.780598 -18.282899 -19.235756
-17.611872 -18.635777 -20.691511
-16.824382 -17.783041 -21.854052
-18.537148 -17.806847 -20.441644
-19.415271 -17.078707 -19.862840
-18.726967 -17.532644 -21.085497
-18.398331 -17.291956 -21.587825
-19.260794 -17.410268 -20.026400
-18.594451 -16.923667 -21.394234
-18.510531 -17.162506 -21.342322
-19.212979 -17.830303 -18.681334
-18.906554 -17.674787 -19.975863
-19.519301 -17.224741 -19.802014
-18.032302 -18.447235 -20.180790
-18.172020 -18.771398 -18.740439
-17.116607 -18.890142 -20.220885
-17.252262 -18.551002 -20.766353
-17.166497 -18.378347 -20.889576
-18.618221 -17.743928 -19.995788
-17.948382 -18.686074 -20.128878
-19.291391 -17.504558 -19.476234
-17.607757 -18.231810 -21.558107
-17.060567 -18.250479 -21.289524
-16.602584 -18.462612 -21.259219
-17.760695 -18.937763 -19.540028
-19.060192 -17.588710 -19.828678
-19.542948 -17.634046 -18.981043
-17.700978 -18.911432 -20.074649
-18.195669 -16.981123 -21.857420
-17.504357 -19.015275 -19.950975
-17.714632 -17.059914 -21.897646
-18.649248 -18.105694 -19.345893
-16.853695 -18.686239 -20.937357
-18.202864 -18.612056 -19.594234
-17.558678 -18.379256 -20.784565
-18.332216 -18.692907 -19.338068
-16.844947 -18.124726 -21.638234
-18.562287 -17.813487 -20.383141
-19.206113 -16.962793 -21.025034
-16.988289 -18.367285 -20.950259
-18.710732 -18.037221 -19.874165
-18.121080 -18.364802 -19.791505
-19.096838 -16.888737 -21.231084
-19.120708 -17.873632 -19.316033
-18.278211 -18.317829 -19.398906
-19.497055 -17.325961 -19.665569
-18.280711 -18.175881 -19.760384
-18.976718 -17.914610 -19.042165
-18.995592 -17.662853 -19.452360
-16.661785 -18.307935 -21.752710
-18.370441 -17.975494 -20.295822
-19.133596 -17.320068 -20.110974
-19.112672 -17.437317 -20.776537
-18.217187 -17.955952 -20.340087
-17.728810 -17.185484 -21.820642
-17.386385 -17.702533 -21.802059
-17.949949 -17.701964 -21.690137
-17.422573 -18.768021 -20.148246
-18.371472 -17.851836 -20.293743
-18.406100 -18.069629 -19.737269
-17.208050 -17.800012 -21.803142
-17.650855 -17.902111 -21.252334
-19.069158 -17.576205 -20.324718
-17.529345 -18.557555 -20.763207
-18.403015 -18.193940 -19.409153
-18.591881 -18.084839 -19.541794
-17.783502 -17.862581 -21.709921
-18.144502 -18.317785 -19.935287
-19.458785 -16.939819 -20.314659
-17.117119 -18.595794 -20.772740
-17.582769 -18.689530 -20.745875
-16.987792 -18.351424 -21.316078
-18.164618 -18.764340 -19.520801
-17.488280 -17.533629 -21.791050
-17.777089 -17.113869 -21.762549
-17.468829 -18.272633 -21.275852
-16.783879 -19.279767 -19.220729
-15.779599 -17.100303 -22.191716
-20.148245 -15.551224 -18.441930
-19.911984 -15.635531 -18.802761
-16.293329 -17.192829 -22.155646
-15.810237 -18.709971 -21.036042
-19.692986 -16.366237 -20.421145
-17.846200 -16.683338 -21.712830
-19.240289 -16.080406 -21.038801
-16.781759 -19.108220 -20.346406
-17.682642 -18.851378 -19.019712
-19.902871 -15.846692 -20.025284
-18.685401 -18.262752 -19.409604
-19.183306 -18.037975 -18.855141
-16.667738 -18.338201 -21.770479
-16.522857 -18.348758 -21.470455
-16.559646 -16.584679 -22.130423
-17.439860 -18.804952 -20.389572
-18.099094 -18.536521 -19.520842
-16.941955 -19.029729 -20.944035
-17.332843 -18.968408 -19.612808
-19.895648 -16.677070 -20.151550
-19.476550 -15.996099 -20.677970
-18.054689 -18.234327 -20.267476
-17.983548 -17.306824 -21.598901
-19.442951 -16.391239 -20.769206
-19.580975 -17.087122 -19.717481
-18.255291 -18.055885 -20.465198
-19.695046 -16.855512 -19.953828
-17.542384 -18.468351 -20.687413
-18.599528 -16.825383 -21.313856
-18.514457 -16.975038 -21.424893
-19.234862 -17.584620 -20.179359
-16.837530 -17.938706 -21.904524
-18.348587 -16.648408 -21.549680
-19.260794 -17.410268 -20.026400
-18.058098 -18.561023 -19.121713
-19.096838 -16.888737 -21.231084
-18.004053 -18.636686 -20.586500
-18.911194 -17.686791 -19.042206
-18.320119 -17.909573 -21.144177
-18.853946 -17.787197 -20.085080
-18.797601 -18.133302 -19.164101
-18.754485 -17.986257 -19.890649
-17.053966 -18.308844 -21.647699
-16.869574 -18.425714 -21.027876
-17.150203 -18.467442 -20.792424
-19.073080 -17.035146 -20.623619
-16.705274 -16.446188 -22.091615
-16.921450 -17.699867 -21.956436
-16.977679 -18.930965 -19.938630
-19.348933 -17.353010 -20.415706
-18.620033 -18.155245 -20.301455
-17.901021 -17.228602 -21.670597
-18.186787 -17.130410 -21.434309
-17.480066 -18.896035 -19.775480
-16.725519 -18.659591 -21.200860
-18.732044 -17.434360 -21.005119
-18.116064 -17.915801 -21.290164
-17.472755 -18.085165 -21.358423
-18.432319 -17.780123 -20.898674
-18.995592 -17.662853 -19.452360
-17.201698 -17.461635 -22.008733
-18.628050 -16.528527 -21.302998
-17.258308 -18.972693 -19.703178
-19.186613 -16.468751 -21.180153
-17.647309 -17.866936 -21.484640
-17.580840 -17.551748 -21.979516
-18.236199 -18.148412 -21.092265
-19.519301 -17.224741 -19.802014
-18.652397 -18.369761 -19.029149
-17.921526 -18.558464 -20.658196
-19.346873 -16.863735 -20.883023
-19.549535 -17.174568 -20.613428
-17.654395 -17.747466 -21.391077
-17.197172 -17.534777 -22.030426
-17.124112 -18.010700 -21.686841
-18.980546 -17.648500 -19.974103
-19.497055 -17.325961 -19.665569
-17.640462 -18.626510 -20.587294
-16.818030 -17.444664 -22.059643
-17.663367 -17.629970 -21.907820
-19.018626 -17.506354 -20.787436
-17.287556 -18.826579 -19.930302
-19.456148 -16.937791 -20.676973
-18.565929 -17.220523 -21.405092
-18.419431 -18.333687 -20.103733
-18.431930 -16.896816 -21.496589
-18.863760 -18.060313 -19.684599
-17.085161 -18.255662 -21.326762
-18.367302 -17.335000 -21.168862
-19.344137 -17.658676 -19.973309
-17.576809 -18.296531 -21.069185
-18.626596 -17.969805 -20.021712
-17.279664 -18.883443 -19.791943
-17.096432 -18.698168 -20.780475
-18.818024 -17.684796 -20.589714
-18.402646 -17.987795 -21.072481
-18.802190 -17.136216 -21.044261
-19.047148 -17.209498 -20.776578
-16.150067 -18.597022 -21.294081
-17.108861 -16.844639 -22.393436
-16.311092 -19.321107 -20.100618
-20.242649 -15.511177 -18.166311
-20.052902 -15.662706 -19.014730
-17.753363 -16.066342 -22.097533
-19.267716 -17.689276 -18.235034
-19.212979 -17.830303 -18.681334
-18.973545 -17.980850 -19.183930
-16.714274 -17.324311 -22.187773
-17.067070 -19.053216 -20.213198
-16.569165 -19.277993 -20.767661
-18.432507 -16.409569 -21.601592
-16.548660 -17.948131 -21.780062
-16.883838 -18.867941 -21.201730
-19.731115 -17.148005 -18.833193
-18.278211 -18.317829 -19.398906
-19.659387 -16.761377 -20.512381
-17.999938 -18.232719 -21.453096
-19.955240 -16.251013 -19.544707
-19.326021 -16.193576 -20.725708
-19.692986 -16.366237 -20.421145
-18.518735 -18.126743 -19.011860
-19.922262 -16.095865 -19.743899
-18.195669 -16.981123 -21.857420
-19.497055 -17.325961 -19.665569
-18.894176 -16.577904 -21.500679
-20.026288 -16.243911 -19.422381
-17.169594 -18.716615 -20.511039
-19.895648 -16.677070 -20.151550
-19.112672 -17.437317 -20.776537
-17.627148 -18.480983 -21.276722
-19.835231 -16.721172 -18.784224
-19.034260 -17.763062 -19.981637
-19.789450 -16.815465 -19.678209
-17.488003 -16.934752 -22.364219
-18.921093 -17.257966 -21.079270
-16.661785 -18.307935 -21.752710
-18.818024 -17.684796 -20.589714
-17.336720 -18.646948 -20.498078
-19.296899 -17.591464 -18.733246
-18.134390 -18.063731 -21.042290
-17.834311 -18.917684 -19.892531
-19.410026 -17.150685 -20.008064
-18.478813 -18.139387 -19.596628
-17.467715 -17.191944 -22.006868
-16.598621 -17.483267 -21.963606
-17.921526 -18.558464 -20.658196
-19.173188 -17.722239 -20.263892
-18.971347 -17.906940 -19.796935
-17.524434 -19.022070 -19.900859
-19.373790 -17.543797 -20.461614
-18.365327 -17.398965 -21.207370
-19.030368 -17.332022 -20.873220
-19.456148 -16.937791 -20.676973
-17.271653 -18.800175 -20.484968
-17.696863 -18.507465 -20.941245
-16.984543 -18.974994 -20.284894
-17.383795 -17.430783 -21.954956
-18.622803 -18.098409 -19.870496
-16.948367 -18.379929 -21.535027
-18.276690 -18.595907 -20.332374
-17.088573 -17.101831 -22.036085
-18.594451 -16.923667 -21.394234
-19.719903 -17.046299 -19.999736
-17.901021 -17.228602 -21.670597
-19.011433 -17.799576 -19.522083
-18.330612 -16.578473 -21.612601
-17.248006 -18.390870 -21.305939
-18.305113 -17.739407 -21.364315
-17.788005 -17.187866 -21.897495
-18.565243 -17.462901 -21.173823
-18.222586 -17.661185 -21.436011
-18.384718 -17.648138 -20.925985
-18.562287 -17.813487 -20.383141
-18.730809 -18.044016 -19.824049
-18.060454 -18.517641 -20.940451
-16.986678 -17.270735 -22.047094
-16.967758 -18.629102 -21.253642
-17.228615 -18.141697 -21.587324
-19.003451 -16.651960 -21.294629
-19.240289 -16.080406 -21.038801
-18.655877 -16.728472 -21.317807
-17.886785 -16.877296 -21.901033
-17.494632 -17.872006 -21.585459
-18.674358 -17.457762 -20.600204
-17.548736 -18.806728 -20.481822
-16.681176 -18.557108 -21.471325
-17.507643 -16.787183 -21.930250
-17.867422 -17.623742 -21.761833
-19.313274 -17.258875 -20.974259
-17.208050 -17.800012 -21.803142
-18.041048 -17.299097 -21.439903
-18.862072 -17.832884 -20.002985
-17.039449 -18.048507 -21.694694
-18.334786 -17.531735 -21.190508
-17.600231 -17.800921 -21.698131
-17.577159 -17.950228 -21.513763
-18.720491 -17.436408 -20.881548
-16.921450 -17.699867 -21.956436
-16.703617 -19.109005 -20.356855
-18.654532 -15.973956 -21.471197
-17.488003 -16.934752 -22.364219
-20.026288 -16.243911 -19.422381
-18.799960 -17.956141 -18.737857
-16.329062 -18.822389 -20.964062
-18.780598 -18.282899 -19.235756
-17.669443 -16.305181 -22.045621
-19.895648 -16.677070 -20.151550
-16.860874 -17.117661 -22.117772
-17.044035 -18.871849 -20.365389
-19.898007 -16.499909 -19.725306
-18.763807 -16.048012 -21.265147
-19.442951 -16.391239 -20.769206
-17.134879 -18.831649 -20.031121
-16.467990 -18.781566 -21.246317
-18.417694 -16.545510 -21.727025
-19.719903 -17.046299 -19.999736
-18.341227 -18.460803 -19.247739
-17.783502 -17.862581 -21.709921
-19.661169 -17.071463 -19.981134
-19.551894 -16.997407 -20.187184
-18.060454 -18.517641 -20.940451
-18.933555 -17.656009 -20.898473
-16.998899 -18.449780 -21.072309
-16.651854 -18.870940 -20.470400
-17.862833 -18.620828 -19.881673
-16.921450 -17.699867 -21.956436
-17.076407 -18.860741 -20.533229
-17.867422 -17.623742 -21.761833
-18.278211 -18.317829 -19.398906
-18.280711 -18.175881 -19.760384
-17.468829 -18.272633 -21.275852
-19.484338 -17.202509 -19.424408
-19.030368 -17.332022 -20.873220
-16.441073 -18.101504 -21.667726
-18.164618 -18.764340 -19.520801
-17.886785 -16.877296 -21.901033
-18.870391 -16.831341 -21.109369
-17.488963 -18.352774 -21.120042
-17.802865 -17.116135 -21.849121
-19.173188 -17.722239 -20.263892
-17.580840 -17.551748 -21.979516
-18.787483 -17.817566 -20.572852
-18.320119 -17.909573 -21.144177
-19.814087 -16.738748 -19.673394
-18.542525 -17.744284 -20.840535
-18.010465 -17.986886 -21.177492
-18.455298 -18.229193 -19.484086
-19.549535 -17.174568 -20.613428
-18.276690 -18.595907 -20.332374
-19.206113 -16.962793 -21.025034
-17.391080 -18.450689 -20.967298
-19.344137 -17.658676 -19.973309
-17.843384 -18.559249 -20.668645
-19.313274 -17.258875 -20.974259
-19.375311 -17.265719 -19.528146
-19.018626 -17.506354 -20.787436
-17.215335 -18.819918 -20.815484
-16.860171 -18.782475 -21.141306
-19.809527 -16.822260 -19.628093
-18.635169 -16.720402 -21.331997
-18.757810 -18.025238 -20.746659
-18.107946 -17.432656 -21.374787
-18.480858 -17.370178 -21.516129
-18.482009 -17.459362 -21.353180
-18.565929 -17.220523 -21.405092
-18.356596 -18.116075 -20.292794
-17.642720 -18.864022 -19.604480
-17.533445 -18.789966 -19.810530
-18.655900 -18.050751 -19.681808
-18.622803 -18.098409 -19.870496
-18.216174 -18.310985 -20.845019
-18.826971 -16.872680 -21.054251
-18.594451 -16.923667 -21.394234
-19.112672 -17.437317 -20.776537
-18.744444 -16.794458 -21.125947
-18.195669 -16.981123 -21.857420
-19.234862 -17.584620 -20.179359
-17.999938 -18.232719 -21.453096
-17.228615 -18.141697 -21.587324
-18.279347 -17.148529 -21.622775
-18.730809 -18.044016 -19.824049
-17.979622 -17.494292 -21.516330
-17.921526 -18.558464 -20.658196
-17.620796 -18.142606 -21.482313
-18.697294 -17.740316 -21.259304
-17.607757 -18.231810 -21.558107
-19.127901 -17.580410 -20.581386
-17.949949 -17.701964 -21.690137
-17.529345 -18.557555 -20.763207
-19.373790 -17.543797 -20.461614
-18.818024 -17.684796 -20.589714
-18.398331 -17.291956 -21.587825
-17.983548 -17.306824 -21.598901
-18.103683 -17.539435 -21.401002
-19.262576 -17.720354 -19.495153
-18.402646 -17.987795 -21.072481
-18.412027 -18.107921 -20.470851
-17.451596 -18.735611 -20.454653
-16.187361 -18.739838 -21.481769
-20.045788 -16.737953 -19.267262
-19.212979 -17.830303 -18.681334
-17.002471 -19.314651 -20.431390
-16.473954 -17.157782 -22.058858
-19.442951 -16.391239 -20.769206
-17.748173 -16.439038 -21.959842
-19.731581 -16.711253 -19.927798
-19.794236 -16.739270 -19.270490
-16.299764 -18.301159 -21.781298
-18.401144 -18.296100 -18.927303
-19.332988 -17.360144 -19.441817
-19.018626 -17.506354 -20.787436
-17.304321 -19.265264 -19.623666
-18.797601 -18.133302 -19.164101
-16.918421 -16.880161 -21.942436
-19.695575 -16.859081 -19.340981
-18.266692 -18.465088 -19.338109
-17.700978 -18.911432 -20.074649
-17.438773 -19.096276 -19.212860
-16.549774 -19.028820 -21.049046
-17.618451 -18.833210 -20.146345
-17.236616 -18.419983 -20.981368
-17.921526 -18.558464 -20.658196
-17.124112 -18.010700 -21.686841
-18.565929 -17.220523 -21.405092
-16.467990 -18.781566 -21.246317
-18.116356 -18.608433 -19.591882
-16.947986 -18.099969 -21.822776
-19.551894 -16.997407 -20.187184
-19.661169 -17.071463 -19.981134
-17.116607 -18.890142 -20.220885
-16.697411 -18.130529 -21.596672
-17.417849 -19.011652 -19.948623
-18.402646 -17.987795 -21.072481
-16.757927 -18.415451 -21.084027
-16.948367 -18.379929 -21.535027
-18.665285 -17.816197 -19.824090
-18.186787 -17.130410 -21.434309
-18.099571 -18.262541 -20.560630
-19.183306 -18.037975 -18.855141
-19.262576 -17.720354 -19.495153
-19.471916 -17.319321 -19.724072
-18.618882 -18.066061 -20.464404
-18.889079 -17.667303 -19.903551
-19.296899 -17.591464 -18.733246
-17.008502 -18.384891 -21.310131
-19.153301 -17.646298 -19.701203
-17.500376 -19.089874 -19.876927
-18.060454 -18.517641 -20.940451
-19.346873 -16.863735 -20.883023
-18.594451 -16.923667 -21.394234
-19.472644 -17.222235 -18.885060
-18.620033 -18.155245 -20.301455
-18.756605 -18.157804 -18.764972
-18.128691 -18.194582 -20.576175
-19.611572 -17.181412 -19.167315
-18.643170 -17.796709 -20.685435
-18.941007 -17.651107 -19.898080
-17.437279 -18.767146 -20.852900
-19.096838 -16.888737 -21.231084
-17.401064 -18.665760 -20.917371
-18.004053 -18.636686 -20.586500
-16.672554 -18.052895 -21.957672
-17.646874 -17.976710 -21.178286
-19.549535 -17.174568 -20.613428
-19.100779 -17.959753 -18.926837
-17.283718 -17.856760 -21.485434
-18.241949 -16.914739 -21.575211
-17.370221 -18.173166 -21.256209
-17.537858 -18.541493 -20.709106
-19.580975 -17.087122 -19.717481
-17.496261 -18.685907 -20.743523
-17.949949 -17.701964 -21.690137
-18.648555 -17.858389 -20.290597
-18.675204 -17.294579 -21.199042
-16.480844 -18.408898 -21.087173
-17.566281 -17.684993 -21.741047
-17.452748 -18.251388 -21.184513
-17.564347 -17.898488 -21.249982
-16.941955 -19.029729 -20.944035
-19.313274 -17.258875 -20.974259
-18.732943 -17.568404 -20.642330
-18.771800 -17.733346 -20.156664
-16.981585 -17.704829 -21.731540
-18.690694 -17.590313 -20.229677
-18.190473 -17.510878 -21.303091
-19.157243 -17.729373 -19.290003
-18.773409 -17.722540 -20.080813
-18.018978 -17.970824 -21.123391
-18.715074 -18.055080 -19.235797
-18.626596 -17.969805 -20.021712
-17.345898 -17.717022 -21.362683
-17.479276 -18.048143 -21.361019
-18.217668 -18.156898 -20.010539
-19.234862 -17.584620 -20.179359
-18.726967 -17.532644 -21.085497
-18.014929 -18.729854 -19.166245
-19.127901 -17.580410 -20.581386
-17.317721 -18.417352 -20.970462
-19.909190 -16.379293 -18.765020
-17.271458 -16.319745 -22.494778
-16.548660 -17.948131 -21.780062
-17.002471 -19.314651 -20.431390
-19.984687 -15.426814 -19.304294
-17.998487 -15.619670 -22.127179
-17.108861 -16.844639 -22.393436
-16.661785 -18.307935 -21.752710
-17.488003 -16.934752 -22.364219
-17.633709 -19.096126 -19.694809
-18.369698 -18.144526 -20.170247
-16.569165 -19.277993 -20.767661
-16.828830 -18.669925 -20.971387
-19.537258 -15.850148 -20.642281
-17.467715 -17.191944 -22.006868
-19.727126 -16.215921 -19.873470
-19.364739 -17.008856 -20.325558
-17.340548 -18.380838 -21.430016
-17.548736 -18.806728 -20.481822
-19.744003 -16.594441 -19.628134
-19.666610 -15.930999 -20.386115
-17.262136 -18.706583 -20.635116
-19.110937 -15.999555 -21.294967
-18.440793 -16.534451 -21.887066
-18.195669 -16.981123 -21.857420
-19.067054 -17.652123 -19.976455
-19.542948 -17.634046 -18.981043
-19.555836 -17.080482 -19.775984
-19.639310 -16.754582 -20.562497
-18.680919 -18.072905 -19.018291
-18.614767 -17.662094 -21.331000
-17.079958 -18.499652 -21.008139
-16.921450 -17.699867 -21.956436
-17.886785 -16.877296 -21.901033
-19.260794 -17.410268 -20.026400
-19.530035 -16.680526 -20.768547
-18.881521 -17.894463 -19.216013
-18.561340 -18.217609 -19.524932
-19.955240 -16.251013 -19.544707
-19.240289 -16.080406 -21.038801
-18.425082 -18.414863 -19.746503
-19.122790 -17.753053 -19.367786
-19.482432 -17.349124 -19.493688
-19.183306 -18.037975 -18.855141
-18.911334 -17.858779 -20.071887
-17.267672 -18.874774 -20.410920
-18.811212 -16.345318 -21.188522
-16.549774 -19.028820 -21.049046
-19.416908 -17.121305 -19.493729
-17.593522 -18.704458 -19.857663
-18.732044 -17.434360 -21.005119
-19.018626 -17.506354 -20.787436
-18.066090 -18.643530 -19.140387
-16.948367 -18.379929 -21.535027
-19.771542 -16.502490 -19.438634
-17.949949 -17.701964 -21.690137
-19.843126 -16.427120 -19.536857
-17.276614 -17.737310 -21.630614
-18.099571 -18.262541 -20.560630
-19.127901 -17.580410 -20.581386
-17.507643 -16.787183 -21.930250
-19.719903 -17.046299 -19.999736
-17.940977 -17.819460 -21.173394
-19.220212 -16.073611 -21.088917
-17.843384 -18.559249 -20.668645
-16.967758 -18.629102 -21.253642
-18.166650 -18.111792 -20.687842
-19.883742 -16.373040 -19.193131
-18.565929 -17.220523 -21.405092
-18.762088 -17.291994 -20.847131
-17.696863 -18.507465 -20.941245
-17.401064 -18.665760 -20.917371
-17.753718 -18.625967 -20.455292
-19.313274 -17.258875 -20.974259
-18.831528 -17.083745 -21.125288
-18.757810 -18.025238 -20.746659
-19.157243 -17.729373 -19.290003
-18.419431 -18.333687 -20.103733
-19.731115 -17.148005 -18.833193
-18.039055 -17.977619 -21.073275
-18.976718 -17.914610 -19.042165
-19.774715 -16.436250 -19.296869
-17.807912 -18.288831 -20.858691
-17.669946 -17.827403 -21.362654
-17.390971 -17.837911 -21.555694
-19.190729 -17.499469 -19.080127
-18.017044 -18.184319 -20.632326
-18.320119 -17.909573 -21.144177
-17.983548 -17.306824 -21.598901
-18.276690 -18.595907 -20.332374
-17.568185 -18.868307 -19.694850
-18.163565 -18.236103 -20.359726
-19.484338 -17.202509 -19.424408
-18.116356 -18.608433 -19.591882
-18.255291 -18.055885 -20.465198
-18.956641 -17.907815 -19.092281
-17.527959 -17.525610 -21.867016
-19.133596 -17.320068 -20.110974
-17.838453 -18.156061 -20.875553
-19.355234 -17.258924 -19.578262
-20.150604 -15.374063 -18.015686
-17.311523 -17.155472 -22.123841
-15.114495 -19.346785 -19.844246
-20.114368 -15.767175 -18.469236
-15.417570 -19.072039 -20.356097
-20.013335 -16.174782 -18.509794
-15.929288 -18.782952 -20.814726
-16.542579 -18.796884 -20.676450
-15.675643 -19.028925 -21.023140
-17.304321 -19.265264 -19.623666
-16.663910 -18.604311 -20.838541
-19.244539 -15.913342 -20.710141
-16.152192 -18.893398 -20.379912
-16.851624 -18.979433 -20.241322
-16.258122 -19.021266 -19.979964
-19.895648 -16.677070 -20.151550
-19.000542 -17.941068 -18.691660
-20.010976 -16.351943 -18.936038
-19.472644 -17.222235 -18.885060
-16.921450 -17.699867 -21.956436
-17.675417 -18.395998 -21.088828
-19.186613 -16.468751 -21.180153
-19.731581 -16.711253 -19.927798
-18.962594 -17.831544 -18.770157
-20.042948 -15.847226 -19.014416
-18.374493 -18.490796 -19.420011
-18.635169 -16.720402 -21.331997
-17.124112 -18.010700 -21.686841
-17.482425 -18.718874 -19.349236
-16.984582 -18.481315 -21.470556
-19.695046 -16.855512 -19.953828
-19.299200 -17.163849 -20.482220
-19.242349 -16.569681 -20.571484
-18.570613 -18.122507 -19.226420
-17.783502 -17.862581 -21.709921
-17.867422 -17.623742 -21.761833
-18.879319 -17.226274 -20.390966
-18.551855 -17.125497 -20.913053
-18.487437 -17.567611 -20.970963
-18.171831 -18.179963 -19.689606
-17.491966 -17.914097 -21.659832
-19.018995 -17.712499 -19.124108
-19.087866 -17.006233 -20.714341
-19.135415 -17.192282 -19.787442
-18.744444 -16.794458 -21.125947
-19.532864 -17.125509 -19.329976
-16.957665 -17.801253 -21.891965
-19.366474 -17.130240 -19.231941
-18.818024 -17.684796 -20.589714
-18.059820 -18.900848 -18.985942
-18.208047 -18.078006 -20.332604
-18.591881 -18.084839 -19.541794
-19.577826 -16.823055 -20.034225
-17.387045 -18.025379 -21.473123
-17.990667 -17.498699 -21.627900
-18.411008 -17.722403 -20.104082
-17.220843 -18.397008 -21.109725
-18.884543 -17.881487 -19.534914
-16.948367 -18.379929 -21.535027
-18.898899 -17.551180 -19.726315
-19.661169 -17.071463 -19.981134
-19.236383 -17.306542 -19.245891
-19.639310 -16.754582 -20.562497
-17.810069 -18.518882 -21.029274
-17.839742 -18.311210 -20.855467
-17.178281 -18.752523 -20.136352
-19.206113 -16.962793 -21.025034
-18.652397 -18.369761 -19.029149
-18.438882 -17.594683 -20.618931
-19.190729 -17.499469 -19.080127
-18.084892 -17.299314 -21.445318
-17.330914 -17.404645 -21.842456
-18.666232 -17.412075 -20.682299
-18.138232 -18.575103 -19.780842
-17.243805 -18.980342 -20.136311
-18.103683 -17.539435 -21.401002
-19.585771 -16.781456 -20.159878
-17.480066 -18.896035 -19.775480
-19.087079 -17.489550 -20.223701
-20.098380 -16.705621 -18.483374
-17.357372 -18.233051 -21.646930
-18.408649 -17.899564 -20.530326
-17.999938 -18.232719 -21.453096
-18.686441 -17.917981 -19.698670
-18.104260 -17.052188 -21.506005
-19.215115 -17.344210 -18.930517
-18.195669 -16.981123 -21.857420
-17.923027 -18.373179 -20.386840
-17.386385 -17.702533 -21.802059
-19.058548 -17.493710 -20.202668
-18.960880 -17.164596 -20.869122
-18.053259 -18.285705 -20.567855
-18.159288 -18.288872 -20.026009
-18.082627 -17.825666 -21.155835
-18.545852 -17.213728 -21.455208
-18.010465 -17.986886 -21.177492
-17.340548 -18.380838 -21.430016
-18.402646 -17.987795 -21.072481
-18.824027 -17.596565 -20.047559
-16.879115 -18.806235 -20.232543
-18.830712 -16.839360 -21.033403
-17.208050 -17.800012 -21.803142
-18.278211 -18.317829 -19.398906
-18.976718 -17.914610 -19.042165
-16.195832 -18.340304 -21.332650
-16.609705 -18.893923 -19.949449
-18.111749 -17.219962 -21.805508
-19.719903 -17.046299 -19.999736
-19.127901 -17.580410 -20.581386
-19.110937 -15.999555 -21.294967
-18.116064 -17.915801 -21.290164
-18.103683 -17.539435 -21.401002
-19.611572 -17.181412 -19.167315
-18.229612 -18.607890 -19.459880
-18.675283 -17.947016 -20.818355
-19.063967 -16.936882 -20.781984
-19.003451 -16.651960 -21.294629
-19.891907 -15.628736 -18.852877
-19.659387 -16.761377 -20.512381
-17.704764 -16.356403 -22.158507
-18.431793 -15.656328 -21.790908
-18.780598 -18.282899 -19.235756
-16.765744 -16.885231 -22.043255
-17.627148 -18.480983 -21.276722
-19.296899 -17.591464 -18.733246
-18.593722 -18.008694 -20.340199
-19.471916 -17.319321 -19.724072
-19.346873 -16.863735 -20.883023
-17.867422 -17.623742 -21.761833
-17.258308 -18.972693 -19.703178
-17.138534 -16.636967 -22.219629
-19.212979 -17.830303 -18.681334
-17.096039 -18.520897 -21.099478
-18.851028 -17.577787 -20.970169
-19.549535 -17.174568 -20.613428
-18.412430 -16.402774 -21.651708
-18.276690 -18.595907 -20.332374
-17.529345 -18.557555 -20.763207
-18.740405 -17.829549 -19.700358
-18.402646 -17.987795 -21.072481
-18.060454 -18.517641 -20.940451
-18.364064 -18.438902 -19.049074
-18.482009 -17.459362 -21.353180
-17.760695 -18.937763 -19.540028
-18.787483 -17.817566 -20.572852
-17.552956 -18.725214 -19.890001
-19.179191 -17.634008 -19.721737
-17.248006 -18.390870 -21.305939
-19.611572 -17.181412 -19.167315
-17.764002 -17.368539 -21.865040
-17.959116 -18.141859 -21.095411
-19.101522 -17.790721 -19.052412
-18.276690 -18.595907 -20.332374
-17.865920 -17.695934 -21.511959
-18.172020 -18.771398 -18.740439
-19.719903 -17.046299 -19.999736
-19.530035 -16.680526 -20.768547
-17.473513 -19.174617 -19.097180
-17.002471 -19.314651 -20.431390
-17.440489 -18.637255 -20.698422
-18.568477 -18.608600 -18.977237
-17.619194 -18.664178 -20.271920
-18.060454 -18.517641 -20.940451
-17.760695 -18.937763 -19.540028
-19.018626 -17.506354 -20.787436
-19.373790 -17.543797 -20.461614
-18.202864 -18.612056 -19.594234
-18.648555 -17.858389 -20.290597
-17.426484 -18.785756 -20.212557
-18.402646 -17.987795 -21.072481
-19.105074 -17.616924 -20.121832
-18.620033 -18.155245 -20.301455
-18.702929 -18.439612 -18.566431
-19.955240 -16.251013 -19.544707
-18.726967 -17.532644 -21.085497
-16.920687 -19.067397 -20.628661
-18.380763 -18.233478 -19.574456
-17.304321 -19.265264 -19.623666
-18.816522 -17.993101 -18.444536
-19.212979 -17.830303 -18.681334
-18.462509 -16.965320 -21.508299
-20.035725 -16.677604 -19.140682
-18.419431 -18.333687 -20.103733
-18.818024 -17.684796 -20.589714
-19.212979 -17.830303 -18.681334
-19.313274 -17.258875 -20.974259
-17.439860 -18.804952 -20.389572
-17.640462 -18.626510 -20.587294
-19.731674 -16.708660 -18.953674
-18.928119 -18.204671 -19.103139
-18.060454 -18.517641 -20.940451
-18.702929 -18.439612 -18.566431
-19.549535 -17.174568 -20.613428
-18.697294 -17.740316 -21.259304
-18.634130 -16.915648 -21.470200
-19.373790 -17.543797 -20.461614
-18.402646 -17.987795 -21.072481
-16.941955 -19.029729 -20.944035
-19.895648 -16.677070 -20.151550
-18.332216 -18.692907 -19.338068
-17.872608 -18.138236 -21.093059
-18.004422 -18.842831 -18.923172
-17.002471 -19.314651 -20.431390
-17.500376 -19.089874 -19.876927
-17.844615 -18.698924 -19.591940
-17.727726 -18.907266 -19.940295
-19.497055 -17.325961 -19.665569
-18.620402 -18.361390 -18.638127
-18.452435 -18.226678 -20.484188
-18.276690 -18.595907 -20.332374
-19.449667 -17.362028 -18.714923
-18.565929 -17.220523 -21.405092
-18.757810 -18.025238 -20.746659
-17.405776 -17.951706 -21.520674
-17.340548 -18.380838 -21.430016
-17.783502 -17.862581 -21.709921
-18.967070 -17.959709 -19.463218
-17.869970 -19.011819 -19.333978
-17.401064 -18.665760 -20.917371
-19.261718 -17.712230 -19.650041
-18.675283 -17.947016 -20.818355
-17.886813 -17.872915 -21.480448
-19.112672 -17.437317 -20.776537
-18.276690 -18.595907 -20.332374
-16.863826 -18.668247 -20.804994
-19.096838 -16.888737 -21.231084
-17.921526 -18.558464 -20.658196
-18.202864 -18.612056 -19.594234
-19.375311 -17.265719 -19.528146
-18.874099 -16.571109 -21.550795
-18.926968 -18.115487 -19.266088
-19.110937 -15.999555 -21.294967
-17.158474 -18.420768 -20.991817
-16.783919 -18.134152 -21.599024
-17.443841 -18.730353 -20.463620
-19.859980 -17.046833 -18.988868
-18.226701 -18.065152 -20.569415
-17.704959 -18.836833 -20.148697
-19.313274 -17.258875 -20.974259
-18.570836 -18.431439 -18.550993
-19.799464 -16.761911 -19.501513
-19.542948 -17.634046 -18.981043
-16.551143 -19.159032 -18.716499
-19.185665 -17.860814 -18.428897
-18.070572 -18.833377 -19.531700
-18.325027 -18.132548 -20.183125
-17.999938 -18.232719 -21.453096
-17.949949 -17.701964 -21.690137
-18.697294 -17.740316 -21.259304
-18.717696 -16.798624 -21.260301
-18.733530 -17.347204 -20.805754
-18.652397 -18.369761 -19.029149
-18.565929 -17.220523 -21.405092
-19.373790 -17.543797 -20.461614
-17.869970 -19.011819 -19.333978
-18.787483 -17.817566 -20.572852
-19.173188 -17.722239 -20.263892
-17.037631 -17.495818 -21.784981
-18.332216 -18.692907 -19.338068
-19.478479 -17.133881 -19.444329
-18.851605 -17.090540 -21.075172
-19.034260 -17.763062 -19.981637
-18.320119 -17.909573 -21.144177
-18.730809 -18.044016 -19.824049
-18.039055 -17.977619 -21.073275
-19.077338 -16.394695 -21.386203
-16.864447 -18.618768 -21.483115
-19.719903 -17.046299 -19.999736
-18.305113 -17.739407 -21.364315
-18.507961 -18.323678 -19.489882
-17.949949 -17.701964 -21.690137
-19.080217 -17.426137 -20.075924
-18.568477 -18.608600 -18.977237
-18.164618 -18.764340 -19.520801
-18.452435 -18.226678 -20.484188
-19.266629 -17.247715 -20.512389
-18.596999 -18.311744 -18.966379
-17.239609 -18.663993 -20.758828
-16.416466 -19.441724 -19.206588
-18.004422 -18.842831 -18.923172
-16.725519 -18.659591 -21.200860
-17.844018 -18.147503 -21.197276
-18.797601 -18.133302 -19.164101
-18.757810 -18.025238 -20.746659
-19.442951 -16.391239 -20.769206
-19.695046 -16.855512 -19.953828
-17.159776 -19.054766 -19.281580
-19.183306 -18.037975 -18.855141
-19.096838 -16.888737 -21.231084
-18.458847 -17.576878 -21.075180
-18.402646 -17.987795 -21.072481
-18.933555 -17.656009 -20.898473
-18.767685 -17.329379 -21.023260
-17.760695 -18.937763 -19.540028
-19.296899 -17.591464 -18.733246
-17.880704 -18.467604 -20.300511
-17.675417 -18.395998 -21.088828
-17.124112 -18.010700 -21.686841
-19.018995 -17.712499 -19.124108
-18.876013 -17.807557 -19.959001
-18.159288 -18.288872 -20.026009
-19.551056 -16.896490 -19.679960
-18.469165 -18.184486 -20.017681
-18.480858 -17.370178 -21.516129
-16.788407 -19.238002 -19.787554
-17.700179 -18.652841 -20.052673
-17.178216 -18.945422 -20.583204
-19.549535 -17.174568 -20.613428
-19.335933 -17.263010 -19.215079
-17.783502 -17.862581 -21.709921
-17.361799 -18.811296 -20.161650
-18.194906 -18.348653 -20.529645
-17.683188 -18.637740 -20.071016
-18.831289 -16.352113 -21.138406
-19.110937 -15.999555 -21.294967
-18.652954 -16.211688 -21.264662
-16.520980 -18.635599 -20.873696
-19.794236 -16.739270 -19.270490
-18.379819 -18.024309 -20.612927
-18.172020 -18.771398 -18.740439
-18.545852 -17.213728 -21.455208
-18.675204 -17.294579 -21.199042
-18.374850 -16.872513 -21.668896
-18.222586 -17.661185 -21.436011
-17.467715 -17.191944 -22.006868
-18.735720 -17.579501 -20.686397
-19.313274 -17.258875 -20.974259
-17.115490 -17.781893 -21.614676
-17.201698 -17.461635 -22.008733
-16.408969 -19.356484 -20.170032
-19.530035 -16.680526 -20.768547
-16.957665 -17.801253 -21.891965
-17.267672 -18.874774 -20.410920
-18.729308 -18.229301 -20.095405
-18.010465 -17.986886 -21.177492
-17.473513 -19.174617 -19.097180
-17.488220 -18.521806 -20.994467
-16.967758 -18.629102 -21.253642
-19.719903 -17.046299 -19.999736
-17.867422 -17.623742 -21.761833
-17.862178 -18.738278 -19.529489
-17.901021 -17.228602 -21.670597
-18.904472 -17.795366 -19.924110
-17.074922 -19.022925 -19.913369
-19.395643 -17.388161 -18.784509
-18.614767 -17.662094 -21.331000
-19.374120 -17.128982 -19.723928
-19.659387 -16.761377 -20.512381
-18.787483 -17.817566 -20.572852
-17.488003 -16.934752 -22.364219
-16.569165 -19.277993 -20.767661
-17.620796 -18.142606 -21.482313
-18.967070 -17.959709 -19.463218
-18.060454 -18.517641 -20.940451
-19.127901 -17.580410 -20.581386
-19.266629 -17.247715 -20.512389
-19.719903 -17.046299 -19.999736
-17.002471 -19.314651 -20.431390
-19.611572 -17.181412 -19.167315
-16.948367 -18.379929 -21.535027
-16.941955 -19.029729 -20.944035
-18.320119 -17.909573 -21.144177
-18.430214 -18.429448 -19.657602
-17.401064 -18.665760 -20.917371
-17.724841 -16.363198 -22.108391
-17.417849 -19.011652 -19.948623
-17.488003 -16.934752 -22.364219
-18.330237 -18.225309 -19.735426
-17.814234 -18.910889 -19.942647
-16.549774 -19.028820 -21.049046
-18.911334 -17.858779 -20.071887
-17.239386 -18.783312 -20.276292
-17.473513 -19.174617 -19.097180
-18.541374 -17.655100 -21.003484
-18.802190 -17.136216 -21.044261
-19.422874 -16.384444 -20.819322
-17.921526 -18.558464 -20.658196
-17.983548 -17.306824 -21.598901
-17.999938 -18.232719 -21.453096
-18.933555 -17.656009 -20.898473
-17.783502 -17.862581 -21.709921
-16.416466 -19.441724 -19.206588
-19.895648 -16.677070 -20.151550
-19.393261 -16.712000 -20.314700
-19.159114 -17.627213 -19.771853
-18.099571 -18.262541 -20.560630
-17.989979 -18.541660 -20.094461
-19.410026 -17.150685 -20.008064
-19.096838 -16.888737 -21.231084
-19.120708 -17.873632 -19.316033
-18.172020 -18.771398 -18.740439
-18.461358 -16.876136 -21.671248
-18.682070 -18.162089 -18.855342
-18.874099 -16.571109 -21.550795
-16.975554 -18.634589 -20.852799
-18.762880 -18.098943 -18.859628
-18.729308 -18.229301 -20.095405
-16.941955 -19.029729 -20.944035
-18.452435 -18.226678 -20.484188
-18.371283 -17.260401 -21.242910
-18.398200 -17.940463 -20.821501
-17.053966 -18.308844 -21.647699
-17.582769 -18.689530 -20.745875
-18.683220 -17.645290 -20.767265
-17.949949 -17.701964 -21.690137
-19.280819 -17.247695 -20.273646
-18.461358 -16.876136 -21.671248
-17.704959 -18.836833 -20.148697
-18.430214 -18.429448 -19.657602
-17.644443 -18.551911 -20.661342
-17.692139 -16.917174 -21.738851
-16.788735 -17.848846 -21.786217
-17.814234 -18.910889 -19.942647
-18.073899 -18.302821 -20.146373
-18.941007 -17.651107 -19.898080
-19.123455 -17.533078 -20.330406
-17.037631 -17.495818 -21.784981
-17.178216 -18.945422 -20.583204
-19.045043 -17.858823 -19.535506
-18.985971 -17.175137 -20.725350
-17.504357 -19.015275 -19.950975
-18.043036 -17.903020 -21.147323
-19.495320 -16.795560 -20.288629
-19.130437 -16.493597 -21.139848
-17.236616 -18.419983 -20.981368
-19.592018 -16.846569 -19.510431
-19.359716 -17.448771 -19.969575
-18.103552 -18.187942 -20.634678
-18.796813 -17.198779 -20.645370
-18.828807 -17.780557 -20.143583
-18.518930 -17.884943 -20.151911
-19.278884 -16.425422 -20.545454
-17.798175 -18.055930 -21.359902
-19.786318 -16.570226 -19.481498
-18.235625 -17.571981 -21.360217
-18.889563 -17.659686 -19.994206
-17.627120 -17.485364 -21.697307
-16.714274 -17.324311 -22.187773
-16.549774 -19.028820 -21.049046
-17.290577 -17.878234 -21.731446
-19.611572 -17.181412 -19.167315
-18.802190 -17.136216 -21.044261
-18.332216 -18.692907 -19.338068
-19.577826 -16.823055 -20.034225
-17.047679 -18.804043 -20.494583
-19.212979 -17.830303 -18.681334
-16.648801 -19.174821 -18.948526
-19.003451 -16.651960 -21.294629
-17.178566 -18.599119 -21.027782
-17.020219 -16.649859 -22.109290
-19.018626 -17.506354 -20.787436
-18.296002 -18.192643 -20.431676
-18.620033 -18.155245 -20.301455
-17.619594 -17.054475 -21.837331
-16.135316 -18.055382 -21.845295
-18.278196 -17.059345 -21.785724
-18.039055 -17.977619 -21.073275
-18.356518 -18.477565 -19.919031
-16.179280 -19.036777 -19.349268
-17.631263 -18.884950 -20.410126
-17.585672 -17.934166 -21.459662
-19.206113 -16.962793 -21.025034
-17.488963 -18.352774 -21.120042
-19.262353 -17.411422 -20.170580
-17.487078 -16.445498 -22.146068
-18.480858 -17.370178 -21.516129
-17.979622 -17.494292 -21.516330
-18.976718 -17.914610 -19.042165
-18.599528 -16.825383 -21.313856
-19.659387 -16.761377 -20.512381
-19.332988 -17.360144 -19.441817
-17.060567 -18.250479 -21.289524
-18.029856 -18.236059 -20.896107
-18.894934 -17.667356 -19.239436
-17.640462 -18.626510 -20.587294
-18.186727 -18.118587 -20.637726
-20.127809 -16.136148 -18.729014
-18.010465 -17.986886 -21.177492
-19.771503 -16.698609 -19.343030
-17.809869 -18.227010 -20.678022
-18.828142 -18.000532 -19.180963
-18.652397 -18.369761 -19.029149
-19.344137 -17.658676 -19.973309
-19.751311 -16.960011 -18.732312
-17.844615 -18.698924 -19.591940
-19.955240 -16.251013 -19.544707
-17.869970 -19.011819 -19.333978
-19.034260 -17.763062 -19.981637
-19.373790 -17.543797 -20.461614
-18.186210 -17.617657 -21.329306
-18.802190 -17.136216 -21.044261
-18.757810 -18.025238 -20.746659
-19.549535 -17.174568 -20.613428
-19.212979 -17.830303 -18.681334
-18.452435 -18.226678 -20.484188
-17.724264 -16.850445 -22.003388
-18.545852 -17.213728 -21.455208
-17.201413 -18.641514 -20.205448
-17.390971 -17.837911 -21.555694
-17.002471 -19.314651 -20.431390
-17.568185 -18.868307 -19.694850
-19.076761 -16.881942 -21.281200
-18.378609 -18.242827 -19.746048
-17.468829 -18.272633 -21.275852
-17.169377 -17.129561 -21.880791
