-27.858484 -22.282450 -26.990072
-23.300905 -27.207615 -27.117156
-22.480619 -25.420531 -30.506129
-21.369299 -27.103985 -27.986920
-27.615027 -23.051191 -25.130010
-21.533318 -26.976522 -27.743220
-27.605059 -23.000947 -25.512667
-25.114649 -23.232029 -30.215257
-23.405615 -26.041220 -29.635705
-27.516747 -23.458146 -27.509219
-21.869324 -27.149033 -27.242728
-24.705227 -23.766309 -30.196962
-27.701373 -22.843737 -27.079348
-24.398032 -27.029228 -26.145079
-25.675718 -25.810156 -26.363273
-24.598094 -24.747309 -29.459156
-24.845309 -24.880130 -29.179041
-24.018924 -27.164439 -25.995510
-25.098809 -26.297154 -26.120853
-27.505578 -22.411422 -27.532012
-25.804663 -25.728394 -25.702876
-26.502658 -24.320401 -28.783828
-27.207736 -24.027717 -25.820183
-26.765436 -22.711437 -28.825066
-24.159716 -26.630907 -26.694216
-25.905542 -25.382144 -28.359335
-25.169612 -25.627865 -28.704019
-27.027171 -23.918049 -28.509569
-23.488417 -26.754189 -27.252256
-24.491397 -26.420598 -26.482443
-23.691090 -26.514839 -28.546836
-27.098467 -24.270111 -26.880774
-23.854539 -24.630466 -30.400744
-26.327727 -25.234410 -25.577176
-22.340551 -25.525438 -30.010441
-22.388351 -26.325757 -28.647867
-27.174116 -23.667264 -26.920677
-24.830901 -25.836935 -28.216219
-25.222160 -26.235795 -26.623024
-26.246859 -24.445978 -29.306656
-24.272452 -24.712627 -29.853734
-26.586322 -22.966871 -28.942802
-27.393556 -22.946428 -27.915976
-22.133463 -26.680278 -28.006048
-27.846712 -22.519237 -26.520564
-23.159006 -24.950046 -30.407197
-27.086112 -24.214812 -27.440233
-27.547353 -23.604433 -26.972888
-22.227669 -25.718156 -29.998438
-23.880271 -24.981780 -30.111551
-26.732438 -24.012357 -28.081153
-27.208871 -23.142856 -27.992110
-22.307357 -25.789620 -29.893499
-25.991774 -24.821520 -29.030177
-23.989402 -26.403648 -27.353847
-25.331867 -26.168247 -27.123453
-25.187810 -25.909781 -28.129572
-22.628415 -26.593209 -27.923332
-24.764005 -24.080121 -29.451637
-25.596184 -25.697996 -27.628992
-26.415408 -23.192793 -29.114919
-22.940609 -25.339006 -29.781787
-24.721221 -25.992586 -28.478505
-22.552706 -26.295382 -28.979039
-21.998166 -27.018533 -27.218187
-24.326445 -25.291567 -28.874555
-22.816845 -25.826627 -29.742359
-25.700337 -25.466268 -26.580944
-24.122559 -26.125487 -27.779265
-27.371553 -22.640575 -27.944436
-26.027419 -25.166814 -28.311357
-27.345217 -22.676186 -28.098394
-27.572161 -22.512561 -27.176994
-26.524796 -24.222863 -27.852764
-23.025640 -25.190551 -30.214972
-22.870011 -26.195630 -29.089315
-22.704120 -26.653913 -27.578285
-25.544157 -25.151613 -29.040100
-26.938106 -24.534875 -27.447156
-26.925301 -24.259498 -27.605244
-25.421201 -22.805760 -29.436607
-26.086080 -24.591691 -29.390387
-23.287987 -26.903613 -27.512304
-23.827949 -26.488141 -27.682879
-23.707369 -24.555741 -30.473140
-24.048283 -26.861544 -26.531210
-25.457060 -25.947260 -26.583576
-25.401559 -26.023688 -27.329008
-25.833130 -24.889316 -28.882696
-22.064832 -26.784405 -27.980467
-22.054407 -26.087245 -29.385808
-26.354068 -24.471301 -29.237470
-24.202572 -26.453958 -26.959287
-23.188620 -25.765187 -29.744615
-23.932872 -25.217693 -29.794376
-26.202975 -24.986629 -26.521944
-25.551326 -24.765558 -29.313109
-24.073718 -25.067575 -29.445063
-27.032156 -23.984432 -27.564864
-23.781640 -26.732705 -26.967678
-22.337467 -24.302785 -30.496983
-23.536131 -24.101132 -30.929012
-27.940736 -21.415014 -26.329698
-25.937263 -25.322196 -25.916227
-23.721716 -26.832136 -27.070590
-22.730210 -26.379753 -28.396237
-27.902174 -22.053888 -26.444675
-27.054899 -21.638485 -28.542429
-26.895984 -22.388687 -29.123910
-27.168120 -23.612825 -26.160085
-23.013468 -25.099275 -30.247783
-23.841742 -23.938428 -30.751425
-25.346466 -22.738575 -29.912992
-27.892160 -22.604872 -27.369766
-27.022781 -23.937325 -26.718869
-26.765209 -22.914363 -29.059228
-26.197873 -25.267979 -26.457932
-27.474427 -23.449887 -27.760795
-24.071738 -23.794295 -30.627136
-23.659894 -26.015352 -29.762561
-25.316688 -24.661069 -30.130324
-26.404907 -24.477166 -28.159607
-24.828352 -25.080139 -29.926067
-23.068750 -26.588315 -27.545296
-26.664277 -24.372656 -26.936118
-25.746539 -25.227143 -27.938209
-24.492560 -25.454502 -29.652379
-24.787869 -24.133440 -30.361480
-23.852317 -26.603714 -26.344877
-25.396701 -24.989540 -29.310346
-27.351053 -23.590655 -28.462794
-25.705229 -23.981071 -29.680938
-26.290131 -24.608963 -29.332205
-23.371284 -26.219746 -29.029436
-27.497337 -23.046641 -27.038901
-24.308386 -25.580665 -28.372886
-26.112514 -24.938959 -28.795920
-23.504600 -26.450891 -28.284160
-24.225344 -25.858221 -28.726314
-26.450403 -24.794533 -28.122404
-23.276301 -25.098181 -30.145524
-26.579272 -23.551327 -29.760673
-23.921076 -26.223114 -28.446106
-24.165955 -25.144966 -29.841761
-25.206310 -25.769116 -26.725505
-27.641196 -22.945532 -27.535684
-25.057160 -23.992381 -30.206604
-24.912664 -23.272240 -30.471163
-25.572847 -24.912273 -28.925139
-27.724712 -22.495664 -27.447378
-26.944050 -23.850009 -27.438333
-24.004224 -25.873572 -29.448122
-25.566638 -25.405985 -26.781011
-24.328311 -25.913075 -28.026656
-23.743614 -25.927789 -28.906417
-26.779880 -23.423313 -28.993231
-27.744704 -22.442799 -27.640012
-25.462966 -25.566499 -27.799598
-27.240825 -22.433302 -28.524110
-26.042745 -25.293563 -27.141337
-24.958481 -25.806349 -27.315463
-24.394524 -26.099050 -27.661552
-25.112056 -25.663579 -27.282747
-25.804621 -23.270307 -29.816581
-23.926987 -26.436858 -27.675232
-24.725479 -24.202690 -30.418377
-27.100270 -23.798360 -27.197589
-26.990722 -23.204183 -28.494493
-25.256956 -25.712201 -26.840328
-26.537986 -24.450273 -27.890448
-25.395419 -24.748385 -29.410860
-23.291320 -26.451127 -27.843006
-26.206612 -24.309228 -29.507716
-25.517566 -25.657984 -27.382033
-25.864349 -24.699400 -28.919387
-27.531717 -23.042153 -28.126233
-25.548942 -23.156639 -29.835656
-26.529442 -24.535041 -27.331962
-26.835791 -24.224316 -28.530685
-24.506738 -26.505080 -27.298185
-26.908208 -24.066564 -27.227221
-24.060741 -26.152516 -28.662224
-25.978225 -25.089319 -28.069380
-26.496240 -24.014365 -28.596781
-24.112927 -26.549497 -26.886582
-26.655498 -23.643550 -29.599830
-26.619519 -23.688077 -29.559613
-24.592143 -25.320547 -28.561772
-26.276831 -25.034587 -27.464580
-24.661293 -26.148327 -27.516729
-24.633695 -26.080106 -27.615123
-25.458494 -24.998734 -28.863055
-24.875374 -25.263288 -28.819536
-26.060871 -24.632176 -28.930839
-26.490341 -23.721489 -29.009282
-24.763470 -25.698724 -27.593718
-24.712426 -26.167422 -26.895659
-24.208605 -22.991094 -30.472060
-25.367731 -25.029239 -28.284623
-26.616980 -24.473958 -26.355487
-27.687649 -23.302436 -28.201586
-22.050905 -25.466101 -30.218768
-22.724651 -27.259584 -26.492256
-23.134012 -27.012786 -26.131710
-22.167766 -24.833777 -30.994553
-26.580486 -22.516732 -29.347528
-25.859150 -23.068023 -29.830921
-27.576438 -22.872592 -28.519144
-27.472930 -23.375325 -28.414816
-25.182585 -23.270817 -30.188957
-23.905496 -26.648273 -26.732553
-23.123568 -26.997479 -26.342694
-23.216889 -24.242193 -30.566438
-26.978656 -22.671629 -28.618060
-25.389204 -25.968389 -27.888467
-24.906990 -24.329259 -30.090675
-26.009738 -24.613081 -29.551909
-25.549565 -25.703625 -27.322085
-26.527457 -23.899671 -29.652854
-26.239265 -24.695790 -28.096963
-23.656820 -26.941456 -26.941100
-27.207112 -23.434978 -27.143227
-26.876465 -22.786078 -28.784818
-22.470321 -27.098226 -26.798417
-22.341479 -27.228726 -26.822958
-24.250400 -25.145362 -29.410133
-26.687818 -23.634907 -29.086472
-22.574160 -26.474361 -28.629064
-24.101786 -25.210612 -29.748236
-25.061588 -23.505467 -30.378535
-24.505487 -26.287327 -26.538562
-22.672253 -26.588763 -28.436080
-23.518319 -23.414442 -30.928798
-23.069433 -24.080120 -30.836684
-26.934045 -23.899029 -27.778014
-22.829387 -24.855383 -30.509683
-22.955006 -26.412581 -28.953695
-23.445284 -25.410829 -30.103900
-23.712748 -26.324175 -27.740999
-25.517523 -25.763902 -27.421419
-26.055178 -25.133570 -27.222071
-24.963717 -24.424882 -29.898547
-23.328423 -26.043153 -29.328115
-24.596055 -26.509824 -26.518680
-23.858296 -25.879933 -29.602339
-27.070390 -24.012802 -27.544595
-26.779880 -23.423313 -28.993231
-27.060289 -23.773232 -28.370014
-25.324463 -23.814510 -29.841871
-24.466931 -25.827431 -28.296962
-23.621981 -23.706137 -30.710021
-24.155414 -23.620521 -30.752542
-25.017408 -24.921670 -29.171829
-24.539299 -24.529043 -29.956872
-25.293567 -25.154575 -28.721917
-25.710290 -24.662117 -28.614599
-26.219905 -24.496583 -28.266213
-24.357263 -25.792757 -28.864518
-25.134576 -25.329863 -28.984100
-22.406711 -26.713916 -27.662445
-24.959474 -25.022655 -29.235889
-23.829667 -26.508627 -27.020772
-25.000369 -26.091551 -27.532712
-23.073940 -24.718723 -30.620546
-24.829296 -25.562534 -28.128247
-24.793338 -25.528671 -28.465230
-23.007562 -26.154359 -28.848478
-26.167477 -24.792642 -27.604482
-25.103922 -24.117485 -29.676394
-26.631091 -23.539284 -29.278600
-22.909001 -27.095748 -27.163677
-25.438053 -23.545025 -29.935476
-23.578089 -26.854140 -27.660564
-25.929846 -24.973588 -27.920035
-27.178034 -23.467970 -28.549972
-23.311317 -26.353843 -28.533546
-24.733699 -23.936495 -30.096843
-24.282242 -23.618453 -30.290927
-22.872960 -25.734202 -29.805647
-25.887819 -25.451015 -27.094268
-24.025325 -26.229679 -28.050573
-25.634232 -24.781459 -28.754257
-23.015282 -26.887681 -27.027798
-25.962673 -25.377205 -26.483562
-22.354926 -27.210298 -26.815092
-23.604534 -26.776168 -27.157224
-23.683265 -26.863484 -26.437760
-23.684267 -24.102905 -30.465935
-24.849611 -25.105873 -29.676859
-24.299661 -25.432878 -29.111848
-26.026220 -24.283553 -28.676440
-24.057543 -24.539936 -30.272554
-25.410264 -23.733701 -29.738807
-25.666426 -25.071301 -28.097870
-24.000288 -26.260685 -28.561111
-25.506204 -24.946205 -28.502632
-24.406524 -26.080273 -28.566233
-26.147792 -24.748151 -28.591890
-26.880803 -24.749565 -28.010265
-23.886387 -25.636652 -28.971985
-27.862448 -22.835711 -25.544351
-28.044636 -22.008760 -27.497025
-21.333484 -27.202749 -27.593423
-24.186010 -24.602665 -30.835190
-22.304944 -26.163187 -29.438659
-28.000486 -22.465404 -25.920085
-23.484497 -24.606237 -30.572189
-27.935515 -22.049954 -26.056782
-27.767043 -22.919604 -26.241392
-27.629511 -23.511951 -26.866799
-25.942925 -25.270711 -25.627664
-23.170152 -26.641731 -28.202375
-22.648825 -26.915479 -27.711565
-25.408068 -24.816914 -29.308194
-27.414363 -23.385706 -28.072315
-27.790991 -22.351432 -27.357594
-23.229071 -25.126601 -30.355571
-23.926685 -25.833796 -30.083936
-27.540027 -22.692092 -27.523512
-24.828352 -25.080139 -29.926067
-24.633952 -25.672687 -29.786096
-25.905669 -25.398956 -26.473460
-25.007440 -23.206706 -30.284443
-27.866597 -22.598731 -27.135530
-26.818487 -24.530727 -26.676811
-24.106123 -26.788267 -27.449107
-27.411683 -23.616412 -26.344841
-25.614324 -25.323357 -29.090579
-23.604882 -26.443424 -28.688421
-24.965485 -24.838869 -29.822338
-25.698763 -25.609484 -27.848506
-23.378140 -25.034288 -30.322563
-26.897685 -22.214618 -28.432635
-25.458776 -24.291452 -29.638902
-27.444628 -22.143304 -27.704007
-27.090525 -24.014492 -27.661426
-25.071842 -24.410818 -30.071964
-27.553905 -23.264652 -27.088863
-23.734814 -26.205288 -28.313156
-24.458340 -25.746148 -27.627180
-26.586322 -22.966871 -28.942802
-23.051797 -24.924723 -30.476383
-25.173855 -25.452099 -27.995619
-26.465232 -23.772751 -28.987671
-27.302941 -23.605312 -27.254781
-24.765726 -24.339440 -30.217317
-26.133741 -25.196476 -26.931687
-22.462885 -26.802840 -28.500215
-26.922863 -24.097338 -27.629499
-23.961323 -26.359864 -28.245046
-27.310701 -23.094011 -28.291092
-25.270618 -23.659134 -29.696793
-24.388876 -26.612085 -27.966722
-25.764892 -24.362830 -29.493549
-23.747330 -24.605143 -30.469930
-24.234502 -25.731105 -29.247308
-27.162216 -23.708175 -27.018369
-26.613694 -23.263726 -28.850242
-22.570094 -26.828163 -28.431029
-25.841404 -25.248515 -28.779245
-24.427360 -26.562651 -27.448318
-26.758844 -24.224801 -27.873199
-23.012677 -26.806208 -27.916885
-22.870011 -26.195630 -29.089315
-24.711491 -25.712463 -29.150282
-26.422618 -23.818705 -28.636969
-26.520508 -24.937896 -26.748226
-25.096007 -26.129264 -27.581836
-24.425997 -25.920697 -29.044794
-26.805456 -23.051113 -28.858168
-22.737644 -25.844701 -29.534465
-26.356304 -24.862278 -27.002978
-27.011794 -23.927176 -28.380890
-23.567849 -26.360061 -29.054853
-25.140559 -25.652363 -27.770745
-26.241396 -24.465109 -27.302492
-25.657683 -24.337507 -29.562735
-24.180077 -26.025847 -28.277792
-25.309613 -25.989909 -26.453742
-23.647784 -26.879183 -27.159282
-22.748379 -26.594606 -28.605703
-22.412153 -26.188510 -29.369473
-26.780003 -24.580161 -27.195215
-26.001564 -25.089799 -27.835641
-25.295353 -24.960559 -29.226979
-26.291843 -24.344381 -28.572287
-26.184293 -25.000376 -26.887587
-27.023305 -23.871719 -27.724060
-25.229783 -25.050471 -29.133520
-25.894006 -25.440564 -28.018726
-26.906070 -24.186467 -26.444855
-24.814135 -25.193260 -29.645492
-26.854732 -24.262956 -26.724123
-25.984026 -24.447072 -29.408915
-24.009762 -26.012748 -28.581338
-26.797328 -24.175367 -27.354795
-26.568370 -23.964333 -28.589437
-23.684179 -26.146728 -29.365261
-26.349236 -23.880091 -28.674071
-26.202912 -24.514543 -27.820896
-23.467764 -27.099925 -27.695338
-24.186010 -24.602665 -30.835190
-28.599941 -20.860473 -24.495109
-28.470763 -20.893885 -23.944778
-21.758338 -26.205487 -29.154691
-28.447939 -22.037532 -26.305888
-27.970006 -22.918661 -25.344681
-28.359008 -22.207694 -25.554497
-27.620674 -23.263466 -26.146705
-22.994119 -26.028505 -29.621547
-27.930644 -22.555438 -26.851362
-27.955437 -22.336651 -27.218650
-27.415701 -23.296753 -27.087050
-25.780833 -25.149268 -29.007693
-26.292761 -23.189934 -29.098424
-26.754161 -24.576396 -28.377603
-27.568129 -23.731289 -27.023253
-27.351053 -23.590655 -28.462794
-24.775186 -24.711136 -30.579111
-25.487084 -25.613499 -26.520136
-22.741169 -26.326130 -29.113856
-22.163289 -26.686340 -28.840139
-28.237222 -22.514942 -26.270746
-22.427587 -26.897942 -28.151321
-27.708772 -22.901354 -27.606076
-28.156045 -22.208637 -26.451208
-26.416321 -24.848191 -28.343949
-21.905794 -26.367560 -28.884445
-24.004224 -25.873572 -29.448122
-23.664683 -24.876413 -30.344380
-27.864587 -22.631075 -27.179164
-27.177141 -23.899625 -26.246053
-24.302584 -23.695246 -30.680146
-24.522236 -25.008761 -30.071420
-25.409648 -24.390423 -29.968835
-26.863683 -24.305767 -28.889084
-26.823436 -24.169017 -29.090144
-25.688795 -25.559240 -28.231163
-24.995634 -23.647258 -30.101731
-24.481989 -24.872011 -30.272480
-27.139580 -23.959879 -25.421639
-26.234260 -24.060546 -29.346223
-22.063735 -27.007213 -27.946001
-27.837984 -23.232530 -27.508430
-27.273233 -23.823934 -27.158409
-24.617844 -26.214662 -28.179119
-22.496350 -26.935014 -27.814514
-27.947683 -22.813118 -26.286797
-25.291207 -25.449238 -28.532409
-22.858822 -26.366760 -28.833686
-24.712683 -25.760003 -29.066632
-24.112625 -25.946435 -29.295286
-24.763474 -24.819350 -29.739915
-24.375572 -25.519642 -29.285711
-23.921322 -26.674286 -27.435587
-23.937129 -25.849103 -29.872952
-27.070045 -24.480952 -26.337198
-22.053767 -26.956969 -28.328658
-23.527071 -26.642302 -28.790536
-26.758926 -24.964895 -28.058243
-25.515277 -24.842237 -29.239008
-26.938412 -23.988562 -28.417992
-24.996952 -26.079451 -28.328688
-24.935547 -24.446372 -30.012729
-26.229749 -25.260931 -26.417340
-23.589641 -26.884595 -27.647360
-24.836890 -25.312722 -29.337940
-23.707796 -26.498298 -28.598177
-23.757070 -26.753399 -26.468559
-26.387279 -24.510329 -29.083950
-24.876541 -26.185641 -27.747704
-25.114114 -25.730335 -28.274085
-23.791388 -26.172051 -29.296075
-25.367821 -24.680164 -29.509254
-26.101118 -24.768926 -28.729779
-25.192129 -25.735174 -27.809944
-25.872087 -23.729063 -29.580211
-25.104146 -25.680091 -28.656742
-25.698763 -25.609484 -27.848506
-27.027730 -24.428274 -27.086680
-25.349396 -24.616879 -29.810837
-26.151018 -25.173615 -27.136804
-25.971726 -24.307700 -29.543666
-23.842591 -26.586970 -28.155051
-27.588466 -23.294201 -25.513753
-26.964420 -24.633223 -27.477159
-26.015458 -25.365650 -28.465529
-24.335905 -25.663263 -29.236349
-22.484526 -26.460724 -28.839350
-24.258366 -25.623487 -29.872163
-23.888555 -26.553436 -28.588687
-25.941745 -25.261615 -28.738854
-23.567318 -26.779052 -28.589476
-25.252152 -25.360028 -28.649819
-27.312253 -23.713104 -27.894392
-26.053772 -24.986079 -28.691714
-23.906506 -26.291430 -27.662394
-26.764129 -24.626640 -27.994946
-24.200608 -26.001518 -28.448488
-23.922178 -25.195193 -30.300074
-27.756289 -21.095735 -26.177564
-21.959787 -25.229296 -29.944902
-23.917940 -23.980723 -30.782799
-22.417619 -26.847698 -28.533978
-28.052985 -22.065593 -25.497395
-27.991192 -22.056399 -25.944686
-27.459402 -21.781464 -28.069379
-23.343446 -25.102029 -30.345169
-27.616071 -23.482616 -26.072509
-27.749704 -22.465799 -26.079039
-24.446759 -24.508352 -30.551643
-27.268011 -22.765922 -27.932959
-27.053844 -23.082930 -28.256276
-22.270163 -26.685625 -28.804224
-22.848378 -26.351453 -29.044670
-23.881695 -24.248494 -30.735487
-27.716897 -22.100244 -28.025073
-22.700922 -26.189380 -29.314916
-27.138769 -23.700175 -27.722743
-27.727464 -22.980736 -27.544361
-25.809670 -25.368042 -26.493232
-27.504860 -23.052772 -26.390067
-24.805061 -26.219452 -26.590701
-25.453714 -25.172511 -28.920368
-26.733507 -24.524069 -27.107837
-27.291740 -21.864310 -28.037452
-24.029668 -24.837903 -30.179700
-24.133276 -26.046635 -28.909836
-24.746202 -25.791457 -28.140319
-24.645322 -24.904972 -29.678411
-23.180059 -26.141144 -28.832897
-23.797507 -25.867208 -29.533605
-24.328819 -26.452500 -26.244474
-27.213654 -24.169651 -26.754534
-25.605089 -25.451117 -27.439966
-26.430942 -22.308472 -29.247946
-25.329523 -25.722460 -26.846535
-22.423738 -26.542855 -28.771508
-25.229880 -24.616624 -29.735949
-24.833575 -24.721659 -29.470428
-27.490074 -22.895340 -27.726683
-23.444287 -26.403229 -28.387099
-25.537965 -24.742615 -29.374198
-22.310410 -26.822375 -28.603164
-25.977330 -25.145649 -27.799924
-22.534480 -26.215374 -29.309763
-24.941281 -25.583599 -28.730063
-26.809531 -24.196265 -28.296626
-26.205179 -25.064273 -27.202237
-25.022830 -25.425361 -28.549290
-25.902314 -24.419485 -29.210332
-26.595364 -24.371497 -28.631917
-27.060079 -24.312421 -26.787250
-27.401143 -23.065502 -26.975292
-24.609103 -24.957291 -29.613015
-27.612069 -23.078095 -26.320881
-24.195054 -26.618105 -28.200498
-27.006689 -23.766073 -27.899617
-26.684438 -23.979216 -28.475797
-27.213766 -23.761824 -27.322806
-25.699566 -25.634328 -27.302251
-22.965239 -25.719129 -29.820455
-23.549394 -26.747845 -27.848420
-26.838013 -23.836446 -28.443081
-27.330515 -23.537327 -27.530319
-23.032603 -25.979071 -29.103143
-26.148048 -25.069212 -29.078010
-26.942905 -24.495414 -27.209642
-23.169794 -25.508647 -29.856865
-25.652435 -25.233964 -27.478031
-24.482275 -24.959359 -30.074630
-25.143751 -25.287165 -28.802655
-24.497892 -24.527447 -29.930573
-26.629849 -22.354527 -29.171779
-23.611949 -26.320383 -28.419026
-26.869593 -23.670764 -28.215887
-26.305069 -24.995908 -27.275761
-25.179689 -25.402458 -27.941611
-27.367341 -23.619054 -27.290090
-23.548339 -25.936073 -29.283054
-26.503638 -24.568446 -28.196034
-26.043578 -24.172560 -29.274184
-25.260457 -24.064288 -30.089878
-26.469832 -24.846530 -26.887162
-23.657861 -25.665444 -29.794535
-24.014668 -25.888879 -29.237138
-26.291070 -23.907760 -29.171709
-25.853202 -24.570480 -29.125151
-23.737484 -26.242354 -28.693730
-26.435041 -24.092648 -28.864294
-26.450403 -24.794533 -28.122404
-23.693563 -25.185789 -30.145472
-24.247714 -25.204251 -29.594019
-24.295446 -26.384986 -26.939087
-26.287068 -23.503239 -29.420081
-23.079129 -25.572280 -29.839630
-25.268172 -25.681222 -27.232474
-26.366423 -24.526600 -28.678011
-23.400366 -25.346664 -29.838841
-24.381005 -25.375223 -29.172872
-27.888260 -23.223945 -24.613571
-28.419954 -21.882368 -25.385763
-27.948090 -21.473433 -26.701099
-23.838160 -24.132801 -30.000447
-21.865315 -26.974462 -26.561386
-23.550951 -27.033496 -26.461882
-27.074999 -24.410893 -24.965755
-23.168783 -26.067684 -28.636203
-27.710044 -22.736317 -27.426170
-28.196975 -22.378192 -26.471806
-22.156304 -26.824631 -27.599069
-25.163044 -25.823497 -28.034472
-27.477354 -23.570335 -25.847028
-28.247975 -22.178564 -25.748314
-26.421699 -24.910258 -25.444757
-26.739344 -24.582399 -25.679748
-27.663190 -23.009913 -26.915279
-26.662888 -24.543731 -26.117298
-24.411063 -26.338057 -27.216495
-22.921627 -26.669367 -26.865581
-26.860280 -24.483782 -25.178985
-28.095696 -22.679634 -25.027730
-22.532449 -25.831660 -29.111737
-27.273324 -23.915852 -27.826680
-27.388229 -23.390533 -27.730545
-28.121369 -22.130893 -26.693870
-26.477496 -23.082407 -28.784601
-25.041454 -24.639821 -29.658419
-22.779878 -25.243645 -29.566742
-24.858507 -25.479956 -28.494423
-25.546499 -25.637578 -26.234152
-25.390151 -24.162465 -29.422669
-24.545486 -25.900782 -28.395833
-27.169008 -24.002847 -26.966398
-26.945722 -23.757063 -28.285584
-23.345773 -24.705963 -29.826071
-22.886235 -24.815594 -29.816368
-24.663269 -23.966934 -29.851460
-26.354667 -25.053837 -25.278999
-25.876594 -24.367666 -29.364073
-27.831921 -22.520987 -27.378192
-26.134952 -25.008243 -27.159428
-24.231543 -25.320133 -29.461049
-25.564379 -25.405506 -26.388764
-23.691090 -26.514839 -28.546836
-24.433386 -26.443600 -26.274379
-22.426092 -26.259711 -28.862111
-24.505500 -24.425844 -29.680393
-27.585312 -23.145193 -26.833871
-24.792846 -26.249041 -25.748502
-26.062722 -23.788271 -29.203435
-23.953491 -26.396019 -27.332103
-22.286209 -25.968753 -29.116311
-25.137602 -25.166473 -28.689356
-25.874120 -24.078971 -29.548237
-27.036165 -23.736165 -28.405316
-24.089581 -25.392346 -29.162387
-24.262838 -23.397786 -29.939604
-22.220067 -25.566827 -29.594336
-26.565836 -24.755393 -27.530506
-25.694219 -24.516566 -28.950089
-24.935277 -25.193022 -29.061068
-25.657974 -24.784337 -28.902777
-26.943069 -23.852419 -27.931672
-26.308807 -22.549528 -29.179701
-27.541778 -23.166110 -28.305302
-27.317523 -23.570030 -27.609755
-26.274092 -25.120883 -26.659579
-26.780822 -24.214971 -28.739442
-24.533654 -26.015475 -29.036857
-26.168142 -23.676484 -29.255789
-25.493835 -25.301685 -27.103236
-26.604930 -24.267347 -27.722951
-25.281922 -25.251877 -28.019335
-23.312584 -25.301275 -29.505244
-25.225422 -25.515842 -27.009962
-25.774461 -25.305000 -27.050155
-23.996908 -23.936402 -29.903082
-27.606532 -23.536923 -26.397359
-25.989613 -25.196632 -26.185385
-24.770523 -26.143498 -26.690618
-27.805214 -23.483073 -25.441104
-27.954555 -23.193277 -26.618795
-23.703445 -26.570138 -27.987377
-26.959939 -23.643942 -28.566159
-25.542056 -25.299963 -27.330880
-23.713413 -26.620382 -27.604720
-22.420950 -26.868800 -26.856191
-28.015171 -22.734495 -26.690533
-26.631885 -24.851839 -25.014522
-26.176816 -24.464442 -27.931428
-25.928911 -24.235367 -29.249849
-24.058991 -26.464546 -26.901250
-26.211839 -24.743993 -27.553100
-26.769615 -24.299889 -26.944287
-27.466960 -23.477849 -27.011081
-26.289452 -25.220463 -25.313358
-22.392031 -26.658077 -27.543695
-25.734666 -25.023781 -28.576665
-22.218177 -26.142106 -29.135963
-22.437311 -26.226348 -29.051329
-23.115338 -27.083329 -27.086510
-24.045931 -24.407099 -30.517083
-28.305314 -22.089372 -25.763423
-27.980900 -22.673458 -25.489414
-28.196975 -22.378192 -26.471806
-22.948705 -26.389938 -28.597552
-27.831921 -22.520987 -27.378192
-27.147855 -24.411938 -26.016779
-27.693934 -22.960111 -26.691322
-27.966007 -23.144293 -26.298819
-26.765209 -22.914363 -29.059228
-27.473505 -23.443412 -27.211581
-25.900673 -23.835768 -29.523872
-24.481989 -24.872011 -30.272480
-27.655920 -23.678750 -25.533364
-25.052534 -25.866201 -28.080298
-23.036607 -26.996013 -27.805974
-24.088191 -25.263299 -29.997437
-25.843807 -25.527155 -26.170714
-24.829267 -26.498046 -26.827444
-25.166649 -24.631224 -30.169221
-25.860515 -23.877856 -29.861224
-24.548808 -26.441421 -27.092550
-25.319162 -24.949764 -29.946160
-23.479190 -26.974058 -27.291830
-23.971692 -26.674939 -26.379068
-23.926685 -25.833796 -30.083936
-23.602759 -25.246352 -30.389390
-26.027419 -25.166814 -28.311357
-27.670322 -23.315376 -27.476503
-27.354627 -24.015032 -27.226718
-23.367485 -26.760860 -28.140456
-26.716227 -24.143694 -29.159330
-26.902167 -24.256333 -28.370680
-27.303731 -24.056608 -26.410224
-24.711709 -26.302259 -27.650259
-24.951144 -26.282716 -26.779466
-25.804276 -24.467933 -29.820800
-27.061424 -24.375071 -26.571674
-24.200705 -26.349305 -28.198450
-26.611721 -24.831317 -27.824086
-23.526145 -26.015426 -29.412545
-22.997780 -26.887542 -27.909325
-25.119544 -25.455937 -29.376639
-23.756374 -26.620583 -27.835238
-23.662210 -26.205463 -28.745744
-24.459156 -25.623489 -28.826538
-24.301681 -25.787966 -28.541048
-23.220029 -26.598787 -28.410702
-25.430420 -25.390774 -28.670268
-27.005675 -23.753600 -28.475008
-26.655498 -23.643550 -29.599830
-26.404992 -24.679695 -28.495260
-25.545349 -25.199153 -28.956450
-24.795458 -25.102190 -29.699597
-27.072249 -24.164639 -26.238843
-24.750536 -26.410730 -27.546908
-27.374116 -23.248956 -28.273375
-23.224860 -26.812700 -27.597991
-26.655353 -24.711057 -26.929541
-23.579879 -26.084995 -28.864394
-23.295088 -27.062468 -26.674625
-26.105906 -24.981345 -29.273732
-24.912319 -24.469866 -30.475382
-26.354068 -24.471301 -29.237470
-24.709486 -26.249136 -28.294223
-26.488155 -24.346174 -28.701103
-26.184637 -25.068661 -28.554268
-26.938106 -24.534875 -27.447156
-25.466618 -25.111837 -29.675914
-25.659121 -25.584473 -27.025681
-27.519156 -23.159199 -28.147234
-26.255177 -24.993520 -27.045399
-25.280719 -26.037333 -26.661997
-25.203291 -25.960247 -27.833412
-24.359073 -26.490642 -27.956798
-26.214133 -24.721315 -28.125332
-27.179226 -23.619593 -28.708614
-25.309414 -26.143628 -26.474141
-26.514429 -24.206537 -28.671088
-26.963315 -23.540859 -28.763202
-25.824384 -25.338288 -27.342592
-26.830338 -24.488223 -28.024993
-25.680416 -25.404587 -27.038831
-25.241590 -25.707732 -27.326060
-27.606532 -23.536923 -26.397359
-27.549111 -23.690711 -26.989517
-24.234502 -25.731105 -29.247308
-23.800185 -26.442374 -28.236262
-27.228737 -24.162972 -27.982698
-26.246859 -24.445978 -29.306656
-25.584836 -25.188769 -28.825501
-25.509151 -25.478090 -27.950804
-26.944946 -23.253456 -28.915508
-23.865996 -26.121624 -28.426211
-23.848198 -26.019265 -29.121561
-26.849014 -24.585087 -27.326732
-26.790956 -23.826489 -28.688238
-27.460394 -23.714348 -26.398833
-28.013103 -22.166664 -27.228201
-21.946949 -26.244246 -29.448849
-28.128127 -22.587407 -26.581320
-22.104890 -26.883899 -28.510405
-23.013583 -25.137881 -30.645469
-26.542864 -24.570046 -25.922582
-27.385428 -24.070682 -26.412603
-26.061952 -25.321351 -26.007374
-27.739133 -22.383793 -27.598410
-24.873044 -25.495239 -28.500250
-26.443654 -23.017217 -29.757001
-25.549340 -25.453523 -26.857608
-27.009853 -22.721097 -28.882662
-23.024027 -25.153188 -30.434485
-24.038931 -24.891085 -30.236444
-27.955605 -22.871374 -27.069928
-23.161039 -25.299954 -30.375223
-24.301187 -25.786529 -28.312634
-26.716227 -24.143694 -29.159330
-22.536125 -26.352717 -29.192770
-22.929018 -26.090466 -28.988350
-23.709116 -24.818301 -30.639016
-24.379573 -25.082799 -29.864814
-27.183237 -22.879073 -28.753972
-25.072985 -25.804928 -27.850881
-25.764878 -23.703740 -29.649397
-27.296201 -23.869387 -28.121162
-27.066203 -23.193202 -28.806309
-22.358862 -26.823185 -27.702103
-24.179555 -26.185505 -27.829022
-27.488604 -22.990954 -27.769016
-25.901884 -25.244843 -28.036653
-25.974286 -23.319501 -29.904327
-25.668170 -23.248123 -30.049680
-24.102016 -26.145729 -28.464836
-24.735685 -23.539490 -30.145231
-22.332801 -25.679680 -29.704272
-27.641033 -22.943869 -28.099256
-22.507245 -26.043341 -29.391678
-23.214512 -25.882232 -29.093838
-23.601031 -26.496270 -28.363245
-26.404930 -24.687612 -26.989415
-24.565227 -25.597930 -29.336878
-23.900081 -26.421345 -27.411068
-22.414493 -26.751693 -28.709158
-23.751543 -26.406670 -28.647949
-23.467462 -25.584607 -29.601529
-25.477555 -24.862249 -28.947898
-22.746842 -25.875307 -29.227912
-25.219284 -23.913801 -29.957566
-26.206612 -24.309228 -29.507716
-26.055933 -24.928171 -26.876946
-23.968903 -25.960201 -28.842283
-25.846958 -24.631928 -29.027235
-25.525400 -23.985179 -29.812213
-27.352055 -24.003168 -27.107216
-22.292838 -26.306542 -29.237700
-27.857668 -23.433113 -27.007202
-26.898497 -24.428807 -27.366967
-25.402826 -25.179454 -29.418990
-24.687104 -25.382600 -29.288900
-26.285343 -24.396544 -28.788252
-27.472930 -23.375325 -28.414816
-26.361113 -24.604791 -27.895012
-27.777368 -23.691312 -27.436692
-22.771077 -25.450813 -29.926794
-26.139602 -24.719492 -28.211375
-23.690925 -26.591345 -27.167972
-23.905118 -26.263900 -28.615233
-27.651489 -23.502121 -27.733042
-25.170947 -24.984017 -29.553447
-27.033540 -24.226546 -26.529257
-23.605802 -26.729618 -28.071072
-25.818365 -24.945108 -28.212164
-23.419862 -26.616979 -28.859722
-24.256059 -24.746987 -29.910388
-25.699502 -24.469855 -29.297481
-26.863683 -24.305767 -28.889084
-22.171019 -25.637245 -30.155448
-25.348171 -25.645017 -27.563190
-25.110326 -24.361384 -29.553560
-26.886080 -24.527918 -26.485319
-24.401066 -26.070804 -27.512659
-25.616390 -25.453077 -27.931165
-27.077279 -23.596378 -28.501316
-26.802954 -23.805623 -29.329584
-24.616132 -25.849938 -27.538841
-23.445284 -25.410829 -30.103900
-26.655498 -23.643550 -29.599830
-27.837984 -23.232530 -27.508430
-23.678570 -26.536046 -27.727431
-23.393076 -26.744280 -27.621943
-25.231331 -25.895506 -27.525992
-22.199899 -25.946621 -29.956540
-26.161925 -24.825035 -27.269259
-27.020374 -24.213477 -27.318989
-26.647715 -24.535051 -28.375801
-23.335592 -25.657098 -29.601124
-27.019372 -23.800964 -28.674567
-27.430316 -23.421279 -28.064114
-27.512169 -22.816472 -26.172794
-22.050404 -27.494570 -27.168946
-27.575158 -22.054134 -27.208708
-21.315009 -27.007333 -28.069943
-27.765119 -22.518847 -26.680485
-24.880630 -24.196157 -30.374927
-22.581918 -27.302453 -27.406193
-21.870142 -26.102442 -29.640343
-23.009226 -24.945917 -30.348503
-26.081558 -25.377913 -26.435315
-27.473225 -22.689952 -26.825805
-26.877913 -23.415431 -28.397637
-21.436641 -26.608357 -28.553555
-27.342148 -23.017949 -27.557114
-24.056158 -26.654523 -26.209477
-26.073265 -23.750354 -29.864392
-27.187692 -23.863411 -27.921970
-26.497209 -24.469500 -28.118284
-23.297278 -25.730892 -30.110823
-27.394494 -22.602636 -27.545269
-23.855487 -26.792248 -27.017307
-25.114590 -25.695398 -28.445758
-22.303354 -27.196945 -27.676637
-23.286132 -26.728006 -28.294440
-26.750159 -24.171875 -28.625975
-26.983169 -23.208060 -28.277569
-23.514839 -24.375862 -30.248489
-23.073208 -26.337893 -29.404224
-26.244546 -24.741930 -28.725989
-27.020618 -23.326169 -28.200093
-26.950767 -24.043861 -27.858533
-24.947304 -25.621216 -29.187359
-22.568096 -26.504531 -28.786866
-26.379866 -24.832659 -28.238674
-24.046190 -26.604279 -26.592134
-25.936148 -25.528431 -27.823004
-23.480755 -25.359478 -29.956087
-25.805656 -24.926916 -29.006948
-23.703214 -26.668971 -27.087994
-23.354502 -27.142789 -26.915716
-24.725038 -25.815302 -28.507173
-22.218066 -27.411724 -27.200873
-27.339037 -23.836965 -27.878909
-24.201861 -24.500114 -29.837968
-25.352933 -24.393298 -30.177636
-22.429338 -25.565223 -30.134679
-24.510158 -24.999728 -29.712969
-24.263382 -26.040481 -29.048400
-23.967735 -25.995390 -29.336621
-26.045983 -24.345310 -29.599221
-26.146956 -25.142939 -28.526417
-25.982380 -24.537068 -29.675482
-24.284499 -26.207943 -28.343636
-23.900725 -26.405654 -28.040280
-24.965633 -25.462378 -29.574323
-25.694328 -23.752093 -29.913162
-25.247413 -25.068448 -29.417783
-22.141558 -27.377531 -27.276373
-23.467764 -27.099925 -27.695338
-25.506065 -25.336065 -28.664252
-23.581582 -27.067947 -26.604382
-23.377291 -26.059363 -29.290845
-24.370875 -25.922518 -28.905741
-22.384117 -26.268259 -29.448065
-26.707545 -24.217829 -28.275273
-25.278985 -25.410907 -28.975586
-26.478835 -23.963026 -28.812825
-26.833424 -24.407020 -27.978923
-25.174384 -25.546374 -28.876025
-24.612828 -25.797668 -29.002882
-21.426673 -26.558113 -28.936212
-23.789614 -25.269049 -29.789461
-24.098353 -25.002847 -29.733640
-25.551496 -24.789918 -29.304404
-26.330862 -23.373617 -29.368612
-26.276167 -23.274261 -29.652305
-23.504603 -26.104359 -29.133539
-25.612488 -25.174766 -28.068729
-26.092630 -25.297107 -27.336519
-26.442590 -24.230797 -28.765513
-26.058606 -24.629291 -29.514639
-25.022041 -25.948737 -27.765939
-24.363230 -26.295259 -27.624172
-25.427334 -25.248749 -29.383716
-23.502851 -26.980631 -27.323846
-24.569341 -26.360211 -27.261887
-24.822291 -26.062586 -27.769578
-23.805760 -26.880697 -26.903848
-26.711547 -24.622350 -28.026901
-23.589641 -26.884595 -27.647360
-23.628125 -26.835161 -27.128956
-27.404462 -22.652880 -27.162612
-26.882004 -24.006789 -28.195340
-24.294467 -26.258187 -27.960979
-26.428491 -24.700409 -27.795542
-25.450892 -25.881510 -28.067493
-25.035859 -25.608082 -29.165222
-24.579626 -25.826855 -28.596198
-25.770554 -23.844316 -29.752319
-26.455122 -24.664160 -27.575890
-26.432799 -24.558617 -28.518006
-26.853559 -23.428011 -28.071006
-26.021836 -24.414558 -29.309597
-26.354068 -24.471301 -29.237470
-24.965633 -25.462378 -29.574323
-27.185700 -23.393656 -27.724626
-25.291207 -25.449238 -28.532409
-25.786922 -25.817170 -26.209681
-23.944963 -26.029281 -29.263359
-25.821080 -25.286018 -28.806633
-23.888555 -26.553436 -28.588687
-25.350118 -26.259235 -27.146581
-25.619833 -24.318339 -29.645561
-25.037202 -24.986341 -29.548336
-23.305056 -27.112712 -26.291968
-25.639657 -25.961059 -27.130530
-25.251673 -25.972299 -27.915211
-27.301639 -22.456094 -27.840498
-26.066960 -25.300078 -26.132827
-24.301866 -25.991047 -28.529996
-24.616796 -24.965555 -30.104900
-25.552468 -24.716842 -29.456923
-26.313582 -24.986899 -27.893871
-24.338749 -26.528145 -27.984186
-27.245857 -24.606770 -27.103879
-26.781249 -25.070438 -27.116127
-25.992099 -25.350478 -27.026514
-26.084154 -25.208368 -27.816081
-24.215218 -26.715802 -27.138533
-26.766709 -24.073394 -29.282272
-24.724610 -24.221747 -30.126225
-25.752658 -25.621758 -28.016802
-24.005381 -25.174995 -29.878456
-24.577809 -26.400927 -27.231840
-26.244975 -25.119558 -27.115092
-24.998858 -25.862175 -28.705831
-24.948687 -26.288903 -27.939128
-26.824333 -24.775709 -26.281768
-24.234502 -25.731105 -29.247308
-26.930495 -24.463366 -28.049711
-23.529294 -26.695425 -28.146572
-26.173085 -25.038206 -28.567472
-23.578089 -26.854140 -27.660564
-23.023777 -26.795065 -27.634869
-24.737056 -25.430776 -29.083862
-27.771697 -21.660286 -26.596162
-23.598252 -24.607749 -30.605528
-24.299766 -26.948265 -26.861600
-27.805544 -21.774724 -26.129743
-26.173085 -25.038206 -28.567472
-27.081281 -24.000899 -28.252944
-24.967149 -25.958008 -28.318764
-25.267529 -25.517709 -28.631129
-26.130386 -24.217005 -29.668559
-26.964420 -24.633223 -27.477159
-26.354068 -24.471301 -29.237470
-25.018676 -24.041815 -30.725008
-24.377233 -26.478711 -27.465782
-24.942332 -24.974613 -29.398845
-23.302273 -24.338403 -31.168238
-23.854245 -25.793390 -28.794901
-25.060325 -26.346588 -26.639257
-24.350029 -24.475202 -30.591490
-25.888444 -25.545960 -28.089321
-26.516951 -24.858836 -27.804945
-25.396701 -24.989540 -29.310346
-23.659894 -26.015352 -29.762561
-23.706211 -26.217845 -28.691400
-25.316688 -24.661069 -30.130324
-26.432799 -24.558617 -28.518006
-25.199455 -25.902554 -27.566584
-25.661018 -24.519289 -29.815885
-23.084348 -26.894312 -27.406421
-25.728050 -24.375710 -29.981643
-27.109680 -24.260224 -27.554391
-24.298502 -26.391395 -28.185246
-25.663363 -25.754857 -26.922732
-24.157564 -25.073748 -29.996640
-26.716227 -24.143694 -29.159330
-23.924211 -25.545101 -30.268100
-24.294473 -25.452731 -29.598006
-26.781249 -25.070438 -27.116127
-23.302273 -24.338403 -31.168238
-27.047226 -23.570815 -28.180781
-25.474056 -25.249304 -29.309587
-25.540280 -25.616671 -27.262740
-24.168243 -25.746109 -29.204422
-24.992289 -24.767523 -29.907278
-23.450246 -24.927812 -30.612451
-24.775186 -24.711136 -30.579111
-24.717502 -26.180207 -27.027501
-25.590917 -24.616980 -30.085372
-27.643128 -23.286595 -26.886351
-26.035425 -25.095720 -27.542033
-25.176862 -25.786813 -27.738099
-25.661018 -24.519289 -29.815885
-24.828352 -25.080139 -29.926067
-26.166631 -23.949234 -29.715871
-23.453882 -26.197362 -28.427442
-24.385346 -25.802496 -28.532589
-25.465798 -25.365990 -28.645436
-23.698108 -25.802194 -29.593475
-26.471743 -24.685137 -27.864995
-22.478145 -25.131836 -30.690293
-26.752472 -23.875923 -29.206642
-26.527457 -23.899671 -29.652854
-27.127127 -23.537068 -26.543332
-24.461580 -23.640011 -30.585517
-23.807886 -23.768348 -31.068224
-23.700141 -26.152102 -29.561501
-23.229851 -26.705710 -27.232247
-26.963189 -23.398513 -29.241784
-26.246859 -24.445978 -29.306656
-26.724693 -24.387512 -28.372686
-24.897449 -25.456589 -29.261157
-23.944615 -24.815877 -30.259115
-25.940299 -23.574202 -29.876994
-26.152761 -25.075709 -28.594860
-27.552839 -23.000760 -28.080767
-24.658325 -25.343460 -29.803326
-24.385821 -26.390516 -27.239274
-23.951058 -25.504569 -30.101166
-25.057523 -26.178698 -28.100240
-26.720678 -24.971191 -27.344575
-24.689802 -24.614926 -29.977311
-24.880630 -24.196157 -30.374927
-23.971369 -26.049962 -29.248615
-24.428631 -23.952401 -30.688935
-24.556538 -26.529239 -27.998649
-22.309013 -26.599309 -28.165027
-23.600125 -26.655277 -27.980968
-25.220258 -25.570950 -28.818842
-25.403523 -24.200509 -29.860191
-24.035498 -26.865181 -25.997213
-23.638205 -24.917815 -30.589590
-27.454869 -23.584945 -25.885343
-26.859681 -23.901246 -29.137456
-23.521344 -25.550139 -29.813805
-24.321360 -24.908093 -30.363985
-23.922178 -25.195193 -30.300074
-25.484483 -24.012911 -30.116766
-26.701796 -24.228169 -28.761571
-26.348795 -24.559763 -29.602354
-23.555203 -26.499894 -28.438369
-25.199827 -25.293393 -29.354539
-26.105906 -24.981345 -29.273732
-23.114589 -26.402033 -28.999119
-24.365128 -25.504335 -29.496695
-25.057523 -26.178698 -28.100240
-25.712705 -24.987826 -29.508560
-26.184637 -25.068661 -28.554268
-21.970501 -26.335442 -29.153836
-25.639657 -25.961059 -27.130530
-24.510869 -25.181387 -30.073572
-22.332921 -25.882120 -29.827875
-25.852409 -23.534831 -29.952305
-25.544157 -25.151613 -29.040100
-24.519913 -25.931777 -28.670062
-24.715161 -26.191044 -27.257205
-26.758926 -24.964895 -28.058243
-26.571489 -24.442828 -28.536644
-25.612569 -25.467017 -28.392006
-23.807350 -26.177425 -29.492315
-26.423524 -24.242558 -29.131262
-24.728340 -25.510275 -28.978978
-27.122357 -23.947041 -27.487545
-27.675755 -22.951216 -27.384706
-25.225112 -25.997306 -27.152003
-27.492982 -23.863252 -26.622761
-25.307776 -25.654459 -28.430069
-24.132768 -26.621921 -27.553229
-25.768940 -25.204423 -28.928441
-24.668472 -25.372013 -29.461109
-23.937129 -25.849103 -29.872952
-26.780822 -24.214971 -28.739442
-23.466030 -26.363988 -28.632199
-21.722914 -27.025921 -27.731066
-23.731337 -26.651589 -28.345776
-22.512814 -26.220634 -29.365885
-24.009853 -26.000528 -28.730211
-26.246859 -24.445978 -29.306656
-25.440781 -25.230321 -29.375850
-26.084339 -25.411449 -27.805029
-25.670619 -25.900448 -26.416396
-22.350323 -26.805193 -28.060016
-27.425343 -23.630437 -27.463628
-24.088230 -25.417638 -30.024400
-22.765764 -25.923009 -29.873576
-23.149305 -25.141483 -30.666610
-26.446401 -24.390012 -28.370776
-24.150636 -26.410019 -28.126612
-26.821320 -23.666708 -29.097128
-23.771064 -24.964507 -30.350719
-25.763102 -25.637065 -27.805818
-23.631783 -26.972462 -27.451638
-24.756877 -24.984251 -30.157918
-24.551085 -25.786737 -28.630742
-23.952933 -25.755893 -29.236539
-27.129137 -23.564017 -28.260500
-25.403523 -24.200509 -29.860191
-23.042948 -25.569534 -30.416984
-26.375375 -25.187835 -27.134957
-24.043409 -24.360526 -30.293244
-25.356935 -24.797819 -29.929264
-26.258271 -25.051703 -27.916788
-25.041167 -26.038827 -28.082450
-24.698585 -26.187629 -26.409352
-24.804053 -26.164123 -27.543657
-23.710585 -26.167409 -29.350517
-25.769515 -24.835040 -29.334046
-26.731477 -24.383805 -27.771625
-25.240074 -25.430143 -29.153479
-25.512975 -25.750147 -25.786567
-24.822081 -23.515761 -30.440766
-26.964420 -24.633223 -27.477159
-25.780833 -25.149268 -29.007693
-26.476790 -24.961814 -27.473491
-26.170633 -24.353755 -29.467499
-23.926685 -25.833796 -30.083936
-25.834407 -23.947659 -30.231269
-24.664914 -25.612076 -29.071962
-26.711857 -24.352126 -28.940640
-23.140022 -24.314779 -30.935995
-23.643932 -26.009978 -29.566321
-24.500901 -26.257060 -26.819683
-25.095951 -24.486846 -30.165229
-23.703445 -26.570138 -27.987377
-23.973843 -26.338657 -29.064451
-23.249887 -26.995777 -28.247128
-24.360984 -26.530634 -27.608323
-25.693055 -25.410673 -28.371115
-24.234502 -25.731105 -29.247308
-24.775186 -24.711136 -30.579111
-26.292389 -25.054454 -26.949968
-25.342135 -25.355620 -28.770864
-24.923514 -25.998197 -28.362620
-24.681182 -25.005414 -29.998463
-27.200845 -24.081521 -27.624299
-24.771085 -25.431417 -29.682367
-25.231331 -25.895506 -27.525992
-25.445797 -25.647315 -28.552087
-26.730231 -24.858600 -28.246099
-25.466618 -25.111837 -29.675914
-26.173270 -25.241287 -28.556420
-24.263382 -26.040481 -29.048400
-26.269925 -24.853882 -29.030032
-25.840321 -25.575117 -27.718013
-23.984568 -25.125943 -30.243177
-24.453230 -26.339868 -28.267343
-23.527071 -26.642302 -28.790536
-25.729268 -24.698290 -29.535106
-26.016975 -25.151507 -28.522341
-26.010321 -25.330630 -28.041343
-24.626074 -26.191475 -27.621400
-24.560444 -25.226891 -30.049921
-27.071196 -24.309658 -28.072795
-26.130386 -24.217005 -29.668559
-25.544157 -25.151613 -29.040100
-25.754724 -25.519186 -26.365429
-24.197053 -26.761151 -27.285770
-26.049985 -24.749831 -29.350849
-27.674588 -23.186471 -26.915311
-25.378147 -25.782277 -27.799062
-25.018676 -24.041815 -30.725008
-24.307494 -25.524516 -29.542230
-27.517407 -23.357121 -28.280876
-25.545648 -25.480550 -28.485737
-27.554124 -23.362704 -25.679297
-27.864311 -22.349413 -28.113397
-24.415985 -26.124923 -28.186938
-25.063738 -24.958694 -29.622633
-26.806956 -24.210144 -29.081212
-25.822301 -24.091014 -30.030310
-25.213668 -25.409462 -29.168223
-24.328850 -25.881672 -28.898572
-25.339003 -25.983516 -27.331224
-25.646801 -24.632410 -29.535310
-27.290437 -24.049437 -28.391056
-26.649721 -24.419886 -28.569971
-24.775186 -24.711136 -30.579111
-26.556752 -24.821972 -28.032843
-23.734092 -25.712263 -29.551322
-26.860708 -23.671991 -28.943253
-26.513318 -23.693118 -29.483869
-28.025679 -22.037622 -26.434399
-23.700141 -26.152102 -29.561501
-26.194175 -25.197191 -26.442625
-23.987042 -25.414638 -30.059013
-25.316688 -24.661069 -30.130324
-27.830831 -22.881015 -26.063581
-23.617231 -26.344587 -28.775537
-25.242548 -25.718838 -28.969315
-23.639909 -26.225824 -28.323026
-26.432799 -24.558617 -28.518006
-26.859553 -24.302287 -28.019978
-26.330378 -24.745713 -29.131145
-26.206612 -24.309228 -29.507716
-26.712225 -23.739173 -29.407702
-26.627509 -24.779970 -28.073628
-26.009141 -24.971329 -29.131934
-23.937129 -25.849103 -29.872952
-27.467099 -23.096414 -28.302867
-23.926685 -25.833796 -30.083936
-26.125227 -24.844954 -28.823044
-26.213332 -25.174956 -28.366412
-25.891325 -25.495265 -28.078760
-25.388449 -24.844305 -29.700623
-26.711314 -24.574000 -26.816173
-23.909429 -25.899028 -28.981269
-26.324623 -23.780722 -29.694769
-25.768922 -24.499565 -29.378439
-25.544685 -25.608343 -28.232894
-27.286435 -23.644916 -28.639428
-25.359409 -25.086514 -29.745100
-26.892889 -23.190671 -29.071141
-24.944685 -25.884382 -28.187500
-24.575671 -25.613237 -29.125894
-24.480948 -26.148023 -27.419045
-25.061546 -25.252058 -28.963285
-26.337402 -25.133834 -27.236132
-24.200734 -24.761900 -30.214382
-26.590593 -24.138149 -28.924090
-24.849496 -25.917378 -28.598934
-25.213004 -25.818652 -28.444667
-26.937858 -23.889928 -27.448691
-25.914663 -24.176617 -29.955316
-26.859681 -23.901246 -29.137456
-25.571361 -25.506544 -26.083890
-26.020243 -25.300581 -26.808662
-27.460655 -23.731946 -26.709298
-26.978283 -24.427392 -27.123890
-25.397229 -25.446270 -28.503140
-24.537187 -25.662671 -29.644298
-26.780822 -24.214971 -28.739442
-25.545349 -25.199153 -28.956450
-25.841404 -25.248515 -28.779245
-24.236979 -24.494129 -30.261694
-25.142354 -24.318309 -30.040575
-25.950908 -23.908846 -30.002628
-24.840408 -25.953464 -26.893168
-24.858424 -25.437055 -29.643509
-23.662210 -26.205463 -28.745744
-23.898999 -26.568743 -28.377703
-24.235301 -26.754855 -27.999438
-23.607892 -26.975583 -27.670488
-25.411527 -26.073932 -26.946351
-25.627847 -25.798028 -26.249835
-24.566982 -26.544546 -27.787665
-27.343015 -23.529689 -27.247324
-25.445797 -25.647315 -28.552087
-24.768301 -25.559677 -28.975768
-26.113906 -24.258132 -29.659627
-25.121988 -26.372108 -26.962402
-25.332796 -25.986616 -27.665815
-23.873896 -25.915286 -29.867988
-23.162648 -26.996109 -26.608551
-26.827646 -24.242767 -27.611649
-26.822049 -24.509583 -26.695799
-23.820268 -26.481427 -29.097167
-27.398694 -23.827883 -25.990475
-24.857232 -25.389515 -29.727159
-24.912319 -24.469866 -30.475382
-25.657373 -25.627997 -27.428536
-25.821080 -25.286018 -28.806633
-24.174451 -26.210643 -28.297009
-26.685451 -23.817611 -28.534710
-25.849183 -25.407398 -28.274482
-22.589753 -25.786576 -29.963591
-23.817794 -26.192732 -29.281331
-24.263197 -25.837400 -29.059452
-22.737209 -25.948649 -29.693345
-26.335209 -24.959626 -28.318434
-26.235655 -25.280499 -27.424296
-23.758178 -24.846839 -30.401684
-23.567318 -26.779052 -28.589476
-25.359409 -25.086514 -29.745100
-26.437587 -24.771036 -29.061959
-23.203466 -26.888323 -28.384156
-25.661018 -24.519289 -29.815885
-24.537187 -25.662671 -29.644298
-25.443073 -25.316204 -29.217930
-24.931365 -26.016284 -28.458362
-25.070970 -26.160270 -28.092374
-24.522236 -25.008761 -30.071420
-24.188970 -25.787296 -29.123715
-25.280799 -24.141081 -30.479097
-23.372520 -25.826015 -29.583018
-24.334194 -25.037012 -29.986133
-27.691736 -23.638871 -27.531982
-23.931995 -26.826441 -26.941807
-25.466618 -25.111837 -29.675914
-26.147305 -24.766851 -28.412518
-25.291449 -23.213477 -30.293440
-24.751980 -23.613452 -30.710253
-24.599511 -25.453792 -29.511641
-24.246367 -24.183507 -30.810267
-26.130386 -24.217005 -29.668559
-26.713914 -24.439646 -28.578663
-24.870739 -25.351652 -29.198755
-25.910633 -24.039882 -30.070426
-26.354068 -24.471301 -29.237470
-26.242905 -25.257976 -26.570539
-23.464024 -26.872160 -27.427197
-25.205794 -25.795895 -28.114193
-24.411334 -24.820407 -30.373791
-26.213517 -25.378037 -28.355360
-24.214273 -26.062239 -28.752737
-23.735046 -26.459550 -28.010125
-23.368013 -25.187412 -29.799156
-24.537147 -26.229282 -27.980675
-27.000665 -24.365452 -27.524471
-26.507222 -24.787725 -27.076078
-25.896930 -24.615444 -29.567033
-24.949351 -25.879713 -28.662684
-25.805656 -24.926916 -29.006948
-23.119570 -26.123640 -29.075327
-22.855253 -26.593891 -28.569788
-26.197909 -23.185771 -29.721583
-26.859681 -23.901246 -29.137456
-23.443612 -26.806609 -28.020838
-25.319162 -24.949764 -29.946160
-25.648548 -25.422490 -28.432223
